0.0742456054688,-0.699345703125,8.95737304688,-4.46415129777,-0.47345989296,0.47345989296,4.46415129777l,
1.31965576172,-0.289797363281,8.22210205078,-1.99313155891,-9.11270097337,9.11270097337,1.99313155891l,
-0.4215234375,-3.87753662109,10.039921875,-21.1001996949,2.24285886246,-2.24285886246,21.1001996949l,
-0.01916015625,-0.44068359375,11.3907128906,-2.21554950243,0.0963042803647,-0.0963042803647,2.21554950243l,
1.85374511719,-3.60689941406,10.382409668,-18.880501825,-9.57334388246,9.57334388246,18.880501825l,
-1.64537841797,-0.519719238281,8.81846191406,-3.31575450001,10.5510161717,-10.5510161717,3.31575450001l,
-0.0502954101563,-0.850231933594,10.0279467773,-4.84624252197,0.286338619516,-0.286338619516,4.84624252197l,
1.05141357422,0.376018066406,9.49625244141,2.25376831978,-6.3130793913,6.3130793913,-2.25376831978l,
0.476608886719,-1.1112890625,8.61728027344,-7.33724572864,-3.13977036042,3.13977036042,7.33724572864l,
-1.86332519531,-1.76512939453,10.8542285156,-9.10574164413,9.61698323183,-9.61698323183,9.10574164413l,
-2.44291992188,1.03943847656,9.69982910156,5.93262708063,14.0587893007,-14.0587893007,-5.93262708063l,
0.40236328125,-1.04422851562,8.75379638672,-6.79548349567,-2.61321455004,2.61321455004,6.79548349567l,
0.946032714844,-1.48730712891,8.58854003906,-9.76674613337,-6.1943604002,6.1943604002,9.76674613337l,
-0.447868652344,-4.09787841797,9.96567626953,-22.3321039233,2.38009124533,-2.38009124533,22.3321039233l,
0.280217285156,-0.162861328125,10.9787695313,-0.849598406,-1.46191407158,1.46191407158,0.849598406l,
-2.24652832031,-2.45010498047,12.5930126953,-10.8429239327,9.93243254073,-9.93243254073,10.8429239327l,
-1.51365234375,-2.62015136719,12.0134179687,-12.2100470048,7.0179686681,-7.0179686681,12.2100470048l,
-0.749641113281,-2.05732177734,10.26984375,-11.2986341664,4.0938158433,-4.0938158433,11.2986341664l,
-0.778381347656,-3.39853271484,8.36819824219,-22.0173833205,4.92561058199,-4.92561058199,22.0173833205l,
0.641865234375,3.01053955078,7.74788818359,21.1681993313,-4.41558346095,4.41558346095,-21.1681993313l,
-3.02011962891,-0.117355957031,7.53712646484,-0.828052702432,21.8335331182,-21.8335331182,0.828052702432l,
-0.910107421875,-0.6514453125,8.25563232422,-4.48475734493,6.27159022599,-6.27159022599,4.48475734493l,
0.972377929688,1.01788330078,7.45330078125,7.71210932669,-7.3653752567,7.3653752567,-7.71210932669l,
-1.02985839844,-2.73511230469,6.27495117188,-23.2736733196,8.55604578843,-8.55604578843,23.2736733196l,
-0.675395507813,-0.385598144531,9.53217773438,-2.31069418697,4.04957655998,-4.04957655998,2.31069418697l,
-0.0359252929688,-1.52562744141,9.23040527344,-9.38508965091,0.220012578426,-0.220012578426,9.38508965091l,
-2.08127197266,2.10282714844,8.80888183594,13.0789642136,12.9425567595,-12.9425567595,-13.0789642136l,
0.831071777344,-2.65368164063,9.92735595703,-14.9159864305,-4.62377253337,4.62377253337,14.9159864305l,
0.261057128906,-3.21651123047,8.19815185547,-21.4124859885,-1.69794782083,1.69794782083,21.4124859885l,
-2.57704101563,-0.996328125,8.43286376953,-6.44651051621,16.8822134765,-16.8822134765,6.44651051621l,
-0.883762207031,-1.68848876953,13.5893408203,-7.06797718121,3.69258948535,-3.69258948535,7.06797718121l,
-0.471818847656,-0.457448730469,9.18010986328,-2.84895904787,2.93853249566,-2.93853249566,2.84895904787l,
-1.48730712891,-1.53760253906,10.2051782227,-8.47997886659,8.20065352383,-8.20065352383,8.47997886659l,
4.04518798828,-0.0383203125,8.82325195313,-0.226200344471,-24.6297860695,24.6297860695,0.226200344471l,
-1.78907958984,-0.538879394531,8.10235107422,-3.7158334062,12.4250790932,-12.4250790932,3.7158334062l,
-0.407153320313,2.45968505859,10.1908081055,13.5591391757,2.22412080744,-2.22412080744,-13.5591391757l,
-1.39390136719,0.641865234375,10.1429077148,3.58734548979,7.8094989361,-7.8094989361,-3.58734548979l,
0.924477539063,-2.53632568359,12.0589233398,-11.843992694,-4.29040184901,4.29040184901,11.843992694l,
-1.75315429688,-0.373623046875,10.4422851562,-2.02089864771,9.52451809392,-9.52451809392,2.02089864771l,
1.68369873047,2.55788085937,8.71308105469,16.0788710304,-10.5041231891,10.5041231891,-16.0788710304l,
-0.0407153320313,0.562829589844,10.1788330078,3.16487143793,0.22883234594,-0.22883234594,-3.16487143793l,
-2.67044677734,-2.69679199219,10.7751928711,-13.6542818215,13.5183469961,-13.5183469961,13.6542818215l,
-2.67523681641,-3.14466064453,11.0625952148,-15.445288459,13.0948089925,-13.0948089925,15.445288459l,
3.76018066406,0.541274414062,10.8853637695,2.69091264653,-19.034858186,19.034858186,-2.69091264653l,
-0.692160644531,1.0346484375,10.2937939453,5.72678365489,3.82758273652,-3.82758273652,-5.72678365489l,
-0.196391601563,-1.20469482422,10.1069824219,-6.79599103759,1.10536774096,-1.10536774096,6.79599103759l,
-1.21906494141,-1.02985839844,9.75970458984,-5.97753364373,7.08091406992,-7.08091406992,5.97753364373l,
1.18074462891,0.771196289063,8.3155078125,5.24623959736,-8.04750073498,8.04750073498,-5.24623959736l,
1.29331054688,-2.24173828125,10.1141674805,-12.3993985567,-7.11607319259,7.11607319259,12.3993985567l,
1.85374511719,1.04422851562,7.41498046875,7.7797060165,-13.9044414901,13.9044414901,-7.7797060165l,
-0.687370605469,-0.543669433594,10.0279467773,-3.09602651714,3.91550183267,-3.91550183267,3.09602651714l,
0.608334960938,0.107775878906,12.4804467773,0.494183224239,-2.79045817732,2.79045817732,-0.494183224239l,
-0.591569824219,-1.81063476563,8.33945800781,-12.21996327,3.96546673591,-3.96546673591,12.21996327l,
0.452658691406,-2.82372802734,9.23998535156,-16.9739034309,-2.68236019827,2.68236019827,16.9739034309l,
-0.9196875,-1.61424316406,9.24717041016,-9.8544681252,5.5956664835,-5.5956664835,9.8544681252l,
0.129331054688,-3.03209472656,8.8519921875,-18.9061225188,-0.791892697912,0.791892697912,18.9061225188l,
-0.620310058594,0.170046386719,8.27958251953,1.17329017664,4.28372098762,-4.28372098762,-1.17329017664l,
2.37825439453,-3.52786376953,7.65208740234,-23.7619462535,-15.7615257728,15.7615257728,23.7619462535l,
-1.10649902344,-1.68848876953,9.49385742188,-10.0182204577,6.54596150375,-6.54596150375,10.0182204577l,
1.16876953125,0.1916015625,8.24844726562,1.31751721631,-8.06273073887,8.06273073887,-1.31751721631l,
1.94475585938,0.409548339844,8.99090332031,2.54922780286,-12.1929332421,12.1929332421,-2.54922780286l,
0.787961425781,-0.028740234375,9.16334472656,-0.17904316109,-4.91478367584,4.91478367584,0.17904316109l,
-0.737666015625,-3.61647949219,10.3560644531,-19.2048180133,3.84722411967,-3.84722411967,19.2048180133l,
0.502954101562,-0.886157226563,10.6506518555,-4.75090766186,-2.6943651661,2.6943651661,4.75090766186l,
2.45010498047,-0.493374023438,10.806328125,-2.54946348243,-12.7617664942,12.7617664942,2.54946348243l,
-0.876577148438,1.27175537109,9.273515625,7.77451492509,5.35004742166,-5.35004742166,-7.77451492509l,
-3.02011962891,-2.61536132813,10.305769043,-13.687063515,15.857058949,-15.857058949,13.687063515l,
1.49928222656,-1.43701171875,9.40763671875,-8.57815876584,-8.9528690057,8.9528690057,8.57815876584l,
0.433498535156,-1.44180175781,11.9631225586,-6.86770756258,-2.06037863095,2.06037863095,6.86770756258l,
-2.21778808594,-2.95784912109,11.1967163086,-14.5278691818,10.8411873488,-10.8411873488,14.5278691818l,
0.644260253906,-1.21906494141,9.80760498047,-7.07032217882,-3.72973255334,3.72973255334,7.07032217882l,
0.009580078125,-0.366437988281,8.55740478516,-2.45197217574,-0.0640842961368,0.0640842961368,2.45197217574l,
0.926872558594,-1.25020019531,9.81958007812,-7.22392687946,-5.34925955331,5.34925955331,7.22392687946l,
-2.61296630859,2.33274902344,9.78844482422,12.9665821482,14.5566006523,-14.5566006523,-12.9665821482l,
2.02618652344,-1.09452392578,10.6290966797,-5.77598479277,-10.7371565792,10.7371565792,5.77598479277l,
-2.95784912109,0.926872558594,10.7488476562,4.75261736023,15.3315431052,-15.3315431052,-4.75261736023l,
-1.43222167969,-2.28963867188,10.3704345703,-12.3368625531,7.68048154764,-7.68048154764,12.3368625531l,
1.08973388672,0.129331054688,7.99457519531,0.918322566539,-7.7610989934,7.7610989934,-0.918322566539l,
-2.36388427734,-0.09580078125,6.99824707031,-0.74304750298,18.6624327674,-18.6624327674,0.74304750298l,
0.502954101562,-3.76497070313,10.7943530273,-19.2089891457,-2.51909621774,2.51909621774,19.2089891457l,
3.68354003906,0.136516113281,11.3978979492,0.652967004854,-17.90844412,17.90844412,-0.652967004854l,
0.598754882812,-2.63452148438,7.35270996094,-19.6528676015,-4.38376565202,4.38376565202,19.6528676015l,
-0.193996582031,-1.40587646484,11.4026879883,-7.02771417114,0.967368906884,-0.967368906884,7.02771417114l,
-1.05859863281,0.871787109375,10.0614770508,4.92503457553,5.98390950219,-5.98390950219,-4.92503457553l,
1.55676269531,-1.22625,10.459050293,-6.61478304322,-8.4091889694,8.4091889694,6.61478304322l,
-0.32572265625,-0.97716796875,10.2770288086,-5.42880051846,1.80719336674,-1.80719336674,5.42880051846l,
0.385598144531,-2.54590576172,10.5931713867,-13.5052433812,-2.02701334699,2.02701334699,13.5052433812l,
-0.198786621094,-1.27654541016,8.21731201172,-8.82767763148,1.36936462753,-1.36936462753,8.82767763148l,
-2.69918701172,-1.762734375,10.4135449219,-9.30569445773,14.335894818,-14.335894818,9.30569445773l,
0.241896972656,-2.08127197266,9.03880371094,-12.9624100539,-1.4939135552,1.4939135552,12.9624100539l,
-0.608334960938,0.744851074219,9.29267578125,4.57297829862,3.73352159313,-3.73352159313,-4.57297829862l,
0.902922363281,-2.82612304688,9.37889648437,-16.6961495813,-5.26651723178,5.26651723178,16.6961495813l,
-1.38911132813,-0.759221191406,11.0122998047,-3.91299230788,7.17257320167,-7.17257320167,3.91299230788l,
-0.629890136719,-0.500559082031,10.1860180664,-2.80799831296,3.53433652087,-3.53433652087,2.80799831296l,
3.51588867187,0.989143066406,9.5417578125,5.55575955564,-20.1283821281,20.1283821281,-5.55575955564l,
-0.864602050781,-3.27638671875,8.08319091797,-21.9511262715,5.66119342752,-5.66119342752,21.9511262715l,
0.445473632813,-2.18665283203,8.15983154297,-14.9802211869,-3.01857558544,3.01857558544,14.9802211869l,
-1.21187988281,-2.51956054688,10.8877587891,-12.9523243772,6.18902260234,-6.18902260234,12.9523243772l,
0.605939941406,-0.407153320313,11.2110864258,-2.07686962011,-3.09169398124,3.09169398124,2.07686962011l,
0.720900878906,-5.45345947266,10.229128418,-28.0045526342,-3.55860298796,3.55860298796,28.0045526342l,
0.261057128906,-1.33642089844,6.99585205078,-10.8075959548,-2.0991336467,2.0991336467,10.8075959548l,
-0.855021972656,-0.447868652344,11.7547558594,-2.17623052718,4.15726985085,-4.15726985085,2.17623052718l,
2.69679199219,3.30991699219,9.97765136719,17.7572443425,-14.3881594253,14.3881594253,-17.7572443425l,
-1.97589111328,-2.95305908203,9.95370117188,-16.2250682177,10.7750754018,-10.7750754018,16.2250682177l,
-0.335302734375,-0.32572265625,9.46990722656,-1.96871047928,2.02663754354,-2.02663754354,1.96871047928l,
-0.912502441406,-3.48475341797,9.88903564453,-19.3357108937,4.97385112153,-4.97385112153,19.3357108937l,
-3.89430175781,0.821491699219,7.72154296875,5.42636734875,26.6343222132,-26.6343222132,-5.42636734875l,
0.119750976562,-0.742456054688,10.9787695313,-3.86859450898,-0.623505168855,0.623505168855,3.86859450898l,
-1.07775878906,-2.66326171875,12.3367456055,-12.1372366799,4.88090093454,-4.88090093454,12.1372366799l,
-0.5748046875,0.500559082031,10.1021923828,2.83208684544,3.25257969556,-3.25257969556,-2.83208684544l,
-1.15679443359,0.754431152344,10.499765625,4.08513061299,6.27107440475,-6.27107440475,-4.08513061299l,
3.28596679688,-3.58773925781,7.35270996094,-24.0122343456,-21.8824647346,21.8824647346,24.0122343456l,
1.19271972656,-3.27159667969,11.7523608398,-15.480347425,-5.58406336773,5.58406336773,15.480347425l,
-1.49688720703,-1.41545654297,9.73814941406,-8.17542244804,8.64925635705,-8.64925635705,8.17542244804l,
2.47884521484,-1.33163085938,8.11193115234,-8.92208725522,-16.7803820489,16.7803820489,8.92208725522l,
1.51365234375,0.955612792969,8.1622265625,6.56668716351,-10.4362249011,10.4362249011,-6.56668716351l,
-0.141306152344,-2.74229736328,8.88312744141,-17.1538614197,0.870798424103,-0.870798424103,17.1538614197l,
0.36404296875,-2.64649658203,9.26154052734,-15.9356724987,-2.16441861638,2.16441861638,15.9356724987l,
-1.16876953125,-1.62861328125,9.69024902344,-9.47298414529,6.78316331101,-6.78316331101,9.47298414529l,
-1.90643554688,-4.68465820313,9.92017089844,-24.8794944467,9.8581584584,-9.8581584584,24.8794944467l,
-1.53999755859,-0.565224609375,9.20406005859,-3.46607940822,9.48104819306,-9.48104819306,3.46607940822l,
-2.50998046875,-0.90052734375,9.14418457031,-5.42500597114,15.2786090708,-15.2786090708,5.42500597114l,
-2.55309082031,-0.589174804688,9.92975097656,-3.28889809748,14.3950293271,-14.3950293271,3.28889809748l,
-0.447868652344,-0.787961425781,9.18010986328,-4.90007634672,2.78284988944,-2.78284988944,4.90007634672l,
-0.603544921875,-0.76640625,11.1631860352,-3.92175732032,3.08746689388,-3.08746689388,3.92175732032l,
-0.13412109375,0.193996582031,9.35494628906,1.18786901224,0.8212120601,-0.8212120601,-1.18786901224l,
-0.627495117188,-4.47629150391,10.2315234375,-23.5899084982,3.21592815752,-3.21592815752,23.5899084982l,
-0.0886157226563,-3.19016601563,9.49625244141,-18.5684791577,0.506816193616,-0.506816193616,18.5684791577l,
4.10266845703,-0.694555664063,10.2674487305,-3.59443587434,-21.7356376613,21.7356376613,3.59443587434l,
-3.85119140625,0.213156738281,7.78860351563,1.40533000581,26.3022604155,-26.3022604155,-1.40533000581l,
-0.0981958007813,-1.20229980469,7.67603759766,-8.90120962017,0.724089666017,-0.724089666017,8.90120962017l,
-1.43701171875,-0.711320800781,10.6841821289,-3.7750672701,7.64353347567,-7.64353347567,3.7750672701l,
-2.21778808594,-0.150886230469,9.88903564453,-0.852963383641,12.638999824,-12.638999824,0.852963383641l,
-0.917292480469,-3.19016601563,8.83283203125,-19.760286853,5.5786663151,-5.5786663151,19.760286853l,
-0.59396484375,-1.65974853516,8.21252197266,-11.3965787416,4.05497332332,-4.05497332332,11.3965787416l,
-0.316142578125,-2.78780273438,7.94906982422,-19.3120433015,2.14929686297,-2.14929686297,19.3120433015l,
-1.25738525391,-1.43461669922,10.5883813477,-7.66280746161,6.71148410305,-6.71148410305,7.66280746161l,
0.138911132813,-1.85614013672,12.7127636719,-8.30634444745,-0.619472949473,0.619472949473,8.30634444745l,
3.20932617188,1.28373046875,8.26042236328,8.24244727593,-21.0022991967,21.0022991967,-8.24244727593l,
0.263452148438,-1.149609375,8.31311279297,-7.86951993289,-1.79806189883,1.79806189883,7.86951993289l,
0.277822265625,-1.26936035156,10.9691894531,-6.59883969677,-1.44123552632,1.44123552632,6.59883969677l,
0.524509277344,0.6514453125,8.66997070313,4.28921020325,-3.45230887409,3.45230887409,-4.28921020325l,
-2.2608984375,-0.814306640625,7.7790234375,-5.74010720066,16.1225175652,-16.1225175652,5.74010720066l,
-1.84895507813,-1.41066650391,8.16941162109,-9.55987222719,12.5726864055,-12.5726864055,9.55987222719l,
-5.27143798828,-1.97828613281,10.8278833008,-9.328668349,25.590304938,-25.590304938,9.328668349l,
-1.82021484375,1.93038574219,6.9359765625,15.0668107459,14.1883120941,-14.1883120941,-15.0668107459l,
2.51477050781,-0.352067871094,7.39821533203,-2.57979573238,-18.7539728371,18.7539728371,2.57979573238l,
-2.11719726563,-0.512534179688,11.5535742188,-2.49851235823,10.3742802171,-10.3742802171,2.49851235823l,
0.359252929688,-0.136516113281,8.7753515625,-0.890519468199,-2.3440317532,2.3440317532,0.890519468199l,
-3.19495605469,-1.27415039063,9.08909912109,-7.53374240496,19.1935849172,-19.1935849172,7.53374240496l,
1.69567382813,-1.09691894531,13.2923583984,-4.67974919083,-7.24545208557,7.24545208557,4.67974919083l,
0.687370605469,0.186811523438,10.2746337891,1.03930404017,-3.82674060488,3.82674060488,-1.03930404017l,
-1.24780517578,1.58789794922,10.2506835938,8.74198059217,6.85939196979,-6.85939196979,-8.74198059217l,
1.30768066406,1.80823974609,11.6757202148,8.74970682622,-6.31582006977,6.31582006977,-8.74970682622l,
-5.50375488281,-2.76385253906,10.1620678711,-13.4499141457,27.5921732361,-27.5921732361,13.4499141457l,
1.44180175781,0.428708496094,11.3116772461,2.15304803873,-7.25867429603,7.25867429603,-2.15304803873l,
-0.826281738281,-0.495769042969,10.7512426758,-2.63244194086,4.39015434672,-4.39015434672,2.63244194086l,
-1.82979492188,-1.57352783203,10.4279150391,-8.45370154128,9.84320258278,-9.84320258278,8.45370154128l,
0.047900390625,-0.926872558594,11.0793603516,-4.78204698132,-0.246848152366,0.246848152366,4.78204698132l,
3.7937109375,-0.617915039063,10.7895629883,-3.09253072377,-19.3428143027,19.3428143027,3.09253072377l,
-0.313747558594,1.49928222656,10.7943530273,7.90421322744,1.64906264447,-1.64906264447,-7.90421322744l,
-1.49688720703,-1.31965576172,9.77646972656,-7.5999687996,8.62796848254,-8.62796848254,7.5999687996l,
0.09580078125,-2.89078857422,9.88424560547,-16.3015866022,-0.532983351835,0.532983351835,16.3015866022l,
0.742456054688,-0.819096679687,10.4183349609,-4.48406117839,-4.06375833187,4.06375833187,4.48406117839l,
-0.150886230469,-4.18170410156,11.2110864258,-20.4536767707,0.722462756287,-0.722462756287,20.4536767707l,
0.467028808594,1.79147460938,9.04119873047,11.1931926838,-2.90072496254,2.90072496254,-11.1931926838l,
-1.9543359375,-2.13156738281,8.49034423828,-13.7479166594,12.585183338,-12.585183338,13.7479166594l,
0.227526855469,-2.94108398438,9.59923828125,-17.0298890694,-1.2982571186,1.2982571186,17.0298890694l,
-0.613125,1.09212890625,9.56331298828,6.50171157284,3.64471269425,-3.64471269425,-6.50171157284l,
-1.23583007813,-0.543669433594,9.48667236328,-3.25254000746,7.41010884777,-7.41010884777,3.25254000746l,
1.77231445313,-1.07775878906,8.95976806641,-6.72990890071,-11.1110416717,11.1110416717,6.72990890071l,
-2.73750732422,-2.62254638672,8.96455810547,-15.6311634986,16.3351140791,-16.3351140791,15.6311634986l,
-3.0273046875,-1.23583007813,10.4255200195,-6.49441351957,16.0852131681,-16.0852131681,6.49441351957l,
0.82388671875,0.737666015625,11.6062646484,3.62758521746,-4.05225981036,4.05225981036,-3.62758521746l,
0.0694555664063,-0.888552246094,12.2169946289,-4.15977845448,-0.324874048056,0.324874048056,4.15977845448l,
-3.02490966797,-2.48363525391,11.6445849609,-11.6640215996,14.2547159265,-14.2547159265,11.6640215996l,
1.42743164063,-1.54478759766,9.60642333984,-9.03783245967,-8.34613289999,8.34613289999,9.03783245967l,
1.56394775391,-1.92799072266,7.82452880859,-13.5836883685,-10.9830237807,10.9830237807,13.5836883685l,
0.47900390625,-2.27766357422,10.6746020508,-12.0329510789,-2.51283311907,2.51283311907,12.0329510789l,
-0.0622705078125,-2.57704101563,7.86524414063,-18.140810685,0.431063645714,-0.431063645714,18.140810685l,
0.811911621094,-3.46559326172,8.01852539063,-23.2676888095,-5.31010391437,5.31010391437,23.2676888095l,
0.105380859375,-2.69918701172,8.2771875,-18.0597549099,-0.693483099016,0.693483099016,18.0597549099l,
0.411943359375,0.294587402344,11.3715527344,1.4829798838,-2.0739818392,2.0739818392,-1.4829798838l,
-2.64170654297,-3.065625,9.20645507812,-17.7483395057,15.2293511849,-15.2293511849,17.7483395057l,
0.998723144531,-0.076640625,11.2446166992,-0.388977133509,-5.07545459393,5.07545459393,0.388977133509l,
0.376018066406,-1.59029296875,8.86396728516,-10.1623316702,-2.3909557523,2.3909557523,10.1623316702l,
0.01916015625,-0.455053710938,9.54894287109,-2.72835381162,-0.114834721817,0.114834721817,2.72835381162l,
1.52802246094,-2.79498779297,9.65671875,-15.9540540038,-8.64255827062,8.64255827062,15.9540540038l,
0.658630371094,-2.98179931641,9.28070068359,-17.7698383845,-3.8653739309,3.8653739309,17.7698383845l,
-1.19990478516,-2.69679199219,7.90116943359,-18.6467873976,8.17872334004,-8.17872334004,18.6467873976l,
-1.85135009766,-2.05253173828,11.3739477539,-10.0993231234,9.10054336917,-9.10054336917,10.0993231234l,
-0.613125,-2.45010498047,8.60051513672,-15.8629077896,3.92214736064,-3.92214736064,15.8629077896l,
-5.00080078125,-0.280217285156,9.08670410156,-1.54758253965,28.8143631996,-28.8143631996,1.54758253965l,
0.148491210938,-2.65607666016,11.3332324219,-13.1888009159,-0.730861601095,0.730861601095,13.1888009159l,
-1.95194091797,-1.06817871094,10.4303100586,-5.74822892435,10.5458837585,-10.5458837585,5.74822892435l,
-1.55676269531,-1.86811523438,10.0207617188,-10.4377086556,8.68326121483,-8.68326121483,10.4377086556l,
1.88009033203,-4.23678955078,9.46032714844,-23.7138570885,-10.2803056237,10.2803056237,23.7138570885l,
-1.14242431641,-0.608334960938,11.3404174805,-3.05514551506,5.74431884054,-5.74431884054,3.05514551506l,
1.62861328125,-3.83682128906,9.78604980469,-21.144042214,-8.80731451046,8.80731451046,21.144042214l,
-0.00239501953125,-1.29331054688,7.87961425781,-9.32106028743,0.0171851849641,-0.0171851849641,9.32106028743l,
1.08494384766,-0.193996582031,11.2805419922,-0.980719678037,-5.49290807415,5.49290807415,0.980719678037l,
1.90164550781,-1.60466308594,10.5069506836,-8.54658820684,-10.1437338214,10.1437338214,8.54658820684l,
0.0,-3.60929443359,8.01134033203,-24.25266798,-0.0,0.0,24.25266798l,
-2.03816162109,-0.170046386719,12.1355639648,-0.791702746545,9.53290180523,-9.53290180523,0.791702746545l,
-0.490979003906,-1.79147460938,9.74293945313,-10.4059177782,2.83739644727,-2.83739644727,10.4059177782l,
0.0359252929688,-5.24748779297,10.3728295898,-26.8341529016,-0.177069154267,0.177069154267,26.8341529016l,
-2.40938964844,-0.514929199219,11.0602001953,-2.60459400993,12.2766019828,-12.2766019828,2.60459400993l,
1.44659179688,-2.65847167969,11.2446166992,-13.1968167372,-7.13608099687,7.13608099687,13.1968167372l,
1.64058837891,0.505349121094,10.1908081055,2.80286909187,-9.13437746654,9.13437746654,-2.80286909187l,
-3.79131591797,-4.67028808594,8.56458984375,-26.5022427594,21.2384120412,-21.2384120412,26.5022427594l,
-1.89685546875,-0.0838256835938,8.42328369141,-0.556240928481,12.6902416519,-12.6902416519,0.556240928481l,
-0.105380859375,-0.476608886719,8.70350097656,-3.13419108707,0.692658292787,-0.692658292787,3.13419108707l,
-1.28373046875,-1.42982666016,9.99920654297,-8.07241735493,7.24291886069,-7.24291886069,8.07241735493l,
2.17467773437,-4.16493896484,11.0242749023,-20.3374439964,-10.4553183025,10.4553183025,20.3374439964l,
0.376018066406,-1.41306152344,8.72026611328,-9.19599684309,-2.43731264221,2.43731264221,9.19599684309l,
-1.57831787109,-2.19623291016,10.0710571289,-12.1581962363,8.70549134458,-8.70549134458,12.1581962363l,
-3.26920166016,-3.35542236328,8.29155761719,-20.630013282,20.0767406843,-20.0767406843,20.630013282l,
-1.5328125,0.162861328125,9.49146240234,0.970454715236,9.17238325682,-9.17238325682,-0.970454715236l,
-0.522114257812,0.467028808594,8.33706298828,3.20001007557,3.5779125148,-3.5779125148,-3.20001007557l,
-0.764011230469,-3.85119140625,7.80776367188,-26.1467389914,5.01530173697,-5.01530173697,26.1467389914l,
-0.01916015625,-1.19750976562,7.43653564453,-9.14781267027,0.145744116848,-0.145744116848,9.14781267027l,
0.229921875,2.61536132813,9.96807128906,14.6978022221,-1.27809574315,1.27809574315,-14.6978022221l,
-0.787961425781,-2.54830078125,12.1068237305,-11.8619895023,3.6441628146,-3.6441628146,11.8619895023l,
-1.42743164063,-0.237106933594,10.8638085938,-1.23965297381,7.48363950181,-7.48363950181,1.23965297381l,
-2.46687011719,0.0263452148438,9.95609619141,0.14716222903,13.9161411001,-13.9161411001,-0.14716222903l,
2.23934326172,-1.49928222656,10.7153173828,-7.79874415827,-11.6933552922,11.6933552922,7.79874415827l,
2.10522216797,-1.65735351563,7.63292724609,-11.8222742598,-15.0843405727,15.0843405727,11.8222742598l,
2.48124023437,-2.529140625,12.528347168,-11.2012006805,-10.9863913266,10.9863913266,11.2012006805l,
-0.943637695313,-3.00095947266,8.59093505859,-19.1484630675,5.92021226624,-5.92021226624,19.1484630675l,
0.562829589844,-0.641865234375,7.11081298828,-5.14189212007,-4.50734666791,4.50734666791,5.14189212007l,
-0.17244140625,-1.35558105469,9.58247314453,-8.05061161557,1.02079358234,-1.02079358234,8.05061161557l,
-0.883762207031,-0.850231933594,12.6409130859,-3.8385955529,3.99021732173,-3.99021732173,3.8385955529l,
2.11001220703,0.285007324219,10.6602319336,1.50233777738,-11.1921163867,11.1921163867,-1.50233777738l,
-0.809516601563,-2.09324707031,8.68673583984,-13.4919911599,5.17667911901,-5.17667911901,13.4919911599l,
-0.864602050781,0.102985839844,9.18968994141,0.639245361232,5.37445445521,-5.37445445521,-0.639245361232l,
-2.9506640625,-0.356857910156,11.2805419922,-1.75299855303,14.6514888785,-14.6514888785,1.75299855303l,
-0.926872558594,-1.30768066406,9.89622070313,-7.49499428598,5.30482404308,-5.30482404308,7.49499428598l,
-0.914897460938,-0.0407153320313,9.62558349609,-0.241267060477,5.42951930331,-5.42951930331,0.241267060477l,
-3.51109863281,0.232316894531,10.3129541016,1.22163084969,18.7969736887,-18.7969736887,-1.22163084969l,
0.565224609375,-4.27989990234,9.71419921875,-23.7417146669,-3.04792416566,3.04792416566,23.7417146669l,
-0.184416503906,-3.23088134766,9.09628417969,-19.5506611305,1.09447526615,-1.09447526615,19.5506611305l,
-0.646655273438,-2.32795898437,8.94779296875,-14.5470853004,4.00083331886,-4.00083331886,14.5470853004l,
-0.536484375,-2.83091308594,10.1979931641,-15.494000913,2.90184145178,-2.90184145178,15.494000913l,
0.486188964844,-2.53393066406,9.40524169922,-15.0592369284,-2.85746911942,2.85746911942,15.0592369284l,
-0.469423828125,0.737666015625,11.3571826172,3.71306519119,2.36187498781,-2.36187498781,-3.71306519119l,
0.0502954101563,-4.23678955078,11.6350048828,-20.0084985124,-0.232725471133,0.232725471133,20.0084985124l,
0.0622705078125,-1.19990478516,10.3848046875,-6.59085498456,-0.34128856038,0.34128856038,6.59085498456l,
-0.395178222656,1.93278076172,8.60051513672,12.6526568309,2.56685808613,-2.56685808613,-12.6526568309l,
-0.981958007813,-1.36516113281,8.88312744141,-8.68478849479,6.23535972264,-6.23535972264,8.68478849479l,
-0.8047265625,-2.68002685547,7.52754638672,-19.4945792497,5.7509622133,-5.7509622133,19.4945792497l,
2.13396240234,0.974772949219,11.3883178711,4.80896234434,-10.5753158144,10.5753158144,-4.80896234434l,
-1.59268798828,1.22385498047,8.82325195313,7.77294126869,10.1372781325,-10.1372781325,-7.77294126869l,
-0.953217773438,0.565224609375,8.24605224609,3.89533954596,6.5786448339,-6.5786448339,-3.89533954596l,
1.23343505859,-0.759221191406,10.1237475586,-4.25745106544,-6.92717970235,6.92717970235,4.25745106544l,
-1.00830322266,2.89557861328,10.5811962891,15.2386866806,5.25145060998,-5.25145060998,-15.2386866806l,
-1.78668457031,2.43094482422,6.77072021484,19.1446616732,13.9478352037,-13.9478352037,-19.1446616732l,
-0.136516113281,-2.45010498047,9.81718505859,-14.0119172715,0.772987274913,-0.772987274913,14.0119172715l,
-0.754431152344,1.96870605469,10.0231567383,11.0817665283,4.22406019909,-4.22406019909,-11.0817665283l,
0.93884765625,-5.14210693359,11.9176171875,-23.2743971469,-4.13713473102,4.13713473102,23.2743971469l,
0.423918457031,-3.142265625,9.3884765625,-18.4875239711,-2.45181857118,2.45181857118,18.4875239711l,
-1.42982666016,0.922082519531,10.2387084961,5.09689302861,7.91825525424,-7.91825525424,-5.09689302861l,
-1.06817871094,-1.62142822266,10.7272924805,-8.55351369194,5.62307369644,-5.62307369644,8.55351369194l,
0.570014648438,-3.01053955078,8.54782470703,-19.3624438554,-3.59906387185,3.59906387185,19.3624438554l,
-1.03225341797,0.47900390625,11.1224707031,2.45545555528,5.29743133576,-5.29743133576,-2.45545555528l,
-3.11113037109,-0.179626464844,9.13460449219,-1.06640215085,18.8048114248,-18.8048114248,1.06640215085l,
-1.16158447266,-1.35079101563,10.8135131836,-7.08001664428,6.08425811426,-6.08425811426,7.08001664428l,
0.21076171875,-2.73990234375,11.0602001953,-13.9111397232,-1.05966550198,1.05966550198,13.9111397232l,
-0.241896972656,-1.80823974609,11.1344458008,-9.22219411406,1.22847153306,-1.22847153306,9.22219411406l,
-1.39390136719,-3.31470703125,9.01006347656,-19.979466747,8.26112431596,-8.26112431596,19.979466747l,
-0.926872558594,-0.74724609375,11.1272607422,-3.82868342128,4.75094892297,-4.75094892297,3.82868342128l,
0.311352539062,-4.67028808594,8.65320556641,-28.3410321745,-1.81359446082,1.81359446082,28.3410321745l,
1.42264160156,1.95673095703,11.5966845703,9.50745741508,-6.89736737956,6.89736737956,-9.50745741508l,
0.960402832031,-1.53760253906,9.95849121094,-8.73731552211,-5.44448249592,5.44448249592,8.73731552211l,
-0.910107421875,0.950822753906,10.9931396484,4.92657450886,4.71512458149,-4.71512458149,-4.92657450886l,
-0.483793945313,-2.9506640625,11.3595776367,-14.5482357628,2.36046244884,-2.36046244884,14.5482357628l,
0.3448828125,-1.37953125,11.1607910156,-7.04298535715,-1.75659066873,1.75659066873,7.04298535715l,
-4.21044433594,-5.03193603516,11.1823461914,-22.8372463846,18.9506035676,-18.9506035676,22.8372463846l,
-1.82979492188,0.996328125,6.69407958984,8.17013689968,15.1291725585,-15.1291725585,-8.17013689968l,
-1.13044921875,0.371228027344,10.1955981445,2.07256408456,6.32274056799,-6.32274056799,-2.07256408456l,
2.50998046875,-0.505349121094,11.0793603516,-2.54709514811,-12.7518217708,12.7518217708,2.54709514811l,
0.622705078125,-1.47054199219,12.1140087891,-6.91233786254,-2.92121879666,2.92121879666,6.91233786254l,
0.155676269531,-5.21874755859,9.74533447266,-28.1665601765,-0.806804908462,0.806804908462,28.1665601765l,
-1.17834960938,0.15328125,11.0817553711,0.788014676529,6.06901449172,-6.06901449172,-0.788014676529l,
-2.40220458984,1.06338867188,11.4889086914,5.17678599523,11.7609176382,-11.7609176382,-5.17678599523l,
2.21299804688,-0.462238769531,9.71419921875,-2.65634161649,-12.8195447331,12.8195447331,2.65634161649l,
2.27287353516,-1.18313964844,10.5476660156,-6.25769900061,-12.0869350862,12.0869350862,6.25769900061l,
-0.471818847656,-2.27766357422,10.5237158203,-12.2003640072,2.50905613122,-2.50905613122,12.2003640072l,
0.0502954101563,0.787961425781,11.5966845703,3.88707262164,-0.247921511284,0.247921511284,-3.88707262164l,
1.22145996094,0.869392089844,9.84592529297,5.00791985758,-7.0447016025,7.0447016025,-5.00791985758l,
-0.481398925781,-1.09691894531,9.21364013672,-6.78016220402,2.96996335368,-2.96996335368,6.78016220402l,
-0.567619628906,-0.620310058594,10.8542285156,-3.26639431686,2.98867632551,-2.98867632551,3.26639431686l,
0.4981640625,-0.0431103515625,9.87227050781,-0.249880390454,-2.88872125306,2.88872125306,0.249880390454l,
-2.05013671875,-5.16605712891,7.127578125,-34.8593955078,13.1101549536,-13.1101549536,34.8593955078l,
0.493374023438,-2.35190917969,7.85326904297,-16.6409996483,-3.44408289184,3.44408289184,16.6409996483l,
-0.8813671875,-1.916015625,10.7081323242,-10.1111465543,4.63206770384,-4.63206770384,10.1111465543l,
-1.90883056641,-1.73399414063,11.4697485352,-8.48193667728,9.34446301387,-9.34446301387,8.48193667728l,
0.316142578125,0.0047900390625,11.3643676758,0.0241406191201,-1.59348622954,1.59348622954,-0.0241406191201l,
-0.332907714844,-1.48491210938,10.7440576172,-7.86514433279,1.75805776789,-1.75805776789,7.86514433279l,
0.431103515625,-0.9196875,11.0554101562,-4.75182883364,-2.22542670868,2.22542670868,4.75182883364l,
-3.15903076172,-0.376018066406,10.4566552734,-1.97152024865,16.7996982555,-16.7996982555,1.97152024865l,
-1.66214355469,-2.40699462891,8.6220703125,-15.3293409302,10.5187847616,-10.5187847616,15.3293409302l,
-0.869392089844,1.65974853516,12.5067919922,7.54143621274,3.94198902577,-3.94198902577,-7.54143621274l,
-0.00718505859375,-2.48842529297,8.82325195313,-15.7500605005,0.0449060211386,-0.0449060211386,15.7500605005l,
0.086220703125,-2.30640380859,10.8135131836,-12.0397760383,-0.446784578667,0.446784578667,12.0397760383l,
0.481398925781,-3.33147216797,10.5500610352,-17.5078434652,-2.49148774713,2.49148774713,17.5078434652l,
-1.60226806641,0.0910107421875,13.0480664063,0.396654357372,7.00055366195,-7.00055366195,-0.396654357372l,
0.704135742188,-2.91713378906,9.27591064453,-17.410522632,-4.14176869512,4.14176869512,17.410522632l,
2.67523681641,-0.00718505859375,8.85438720703,-0.0445066514713,-16.8114971593,16.8114971593,0.0445066514713l,
3.07281005859,-2.72313720703,7.85326904297,-17.8959559991,-20.2885309294,20.2885309294,17.8959559991l,
0.119750976562,0.143701171875,9.92975097656,0.829053761972,-0.690870768083,0.690870768083,-0.829053761972l,
-0.44068359375,-1.06578369141,10.1740429688,-5.97465688547,2.46670715571,-2.46670715571,5.97465688547l,
0.617915039063,2.00223632812,8.65799560547,12.9893229932,-3.97761090999,3.97761090999,-12.9893229932l,
2.31837890625,1.16637451172,10.3440893555,6.27888105126,-12.5556884857,12.5556884857,-6.27888105126l,
0.179626464844,-1.24780517578,10.9212890625,-6.51715605419,-0.936190197179,0.936190197179,6.51715605419l,
-0.838256835938,-2.51477050781,11.0506201172,-12.7848486588,4.23018157796,-4.23018157796,12.7848486588l,
0.838256835938,-0.1149609375,11.0290649414,-0.595480879631,-4.34613657783,4.34613657783,0.595480879631l,
-0.627495117188,-1.54957763672,9.48906738281,-9.25475173788,3.73404124311,-3.73404124311,9.25475173788l,
-1.04901855469,1.86811523438,11.2805419922,9.36345283177,5.24187547935,-5.24187547935,-9.36345283177l,
1.11368408203,-0.78556640625,8.28197753906,-5.37038696807,-7.62484877125,7.62484877125,5.37038696807l,
2.00223632812,0.63228515625,8.75140136719,4.0286764779,-12.8545329928,12.8545329928,-4.0286764779l,
-0.948427734375,-3.85358642578,8.8903125,-23.3166869336,5.5903770591,-5.5903770591,23.3166869336l,
-2.50279541016,-3.64521972656,8.52866455078,-22.2992108793,15.1011895667,-15.1011895667,22.2992108793l,
-1.2645703125,-1.06817871094,9.08670410156,-6.6411565935,7.86930070317,-7.86930070317,6.6411565935l,
-1.59987304687,1.59747802734,9.95849121094,8.99990666923,9.01351211906,-9.01351211906,-8.99990666923l,
1.28373046875,-1.32923583984,10.6506518555,-7.06331613604,-6.82033957794,6.82033957794,7.06331613604l,
0.347277832031,1.18074462891,11.0530151367,6.09454521397,-1.78942584909,1.78942584909,-6.09454521397l,
-2.11240722656,-0.244291992188,10.7225024414,-1.28054536258,11.1421241264,-11.1421241264,1.28054536258l,
-2.38304443359,-4.81638427734,9.18489990234,-26.9112136963,12.9406376036,-12.9406376036,26.9112136963l,
-2.11719726563,-0.0383203125,9.68306396484,-0.2215113253,12.3334992374,-12.3334992374,0.2215113253l,
-0.0215551757813,-0.740061035156,10.7344775391,-3.9438621268,0.114779159458,-0.114779159458,3.9438621268l,
2.96503417969,0.47900390625,10.7416625977,2.46137494912,-15.4165761364,15.4165761364,-2.46137494912l,
-1.78428955078,-0.581989746094,9.88903564453,-3.31468648345,10.2106021934,-10.2106021934,3.31468648345l,
-1.17595458984,-0.591569824219,7.43893066406,-4.49125385942,8.95523482122,-8.95523482122,4.49125385942l,
-1.10649902344,0.342487792969,9.35734130859,2.08165520251,6.73939792118,-6.73939792118,-2.08165520251l,
-2.04295166016,0.802331542969,9.72138427734,4.61766570432,11.8289456391,-11.8289456391,-4.61766570432l,
-0.687370605469,-1.9543359375,10.1453027344,-10.8792418908,3.80624765376,-3.80624765376,10.8792418908l,
-2.66086669922,0.366437988281,9.70701416016,2.08503356518,15.3188573924,-15.3188573924,-2.08503356518l,
-2.19383789063,-4.33259033203,10.9284741211,-21.2408612795,10.5706491885,-10.5706491885,21.2408612795l,
-1.36755615234,1.1112890625,8.30592773438,7.52054064246,9.26862346661,-9.26862346661,-7.52054064246l,
0.488583984375,-0.86220703125,8.58614501953,-5.72512799672,-3.24057064522,3.24057064522,5.72512799672l,
-1.51844238281,-0.601149902344,8.63404541016,-3.92281054507,9.950822497,-9.950822497,3.92281054507l,
0.910107421875,-0.126936035156,10.8278833008,-0.669291852773,-4.80421470304,4.80421470304,0.669291852773l,
0.028740234375,-1.06338867188,8.09516601563,-7.48353271768,-0.201683476473,0.201683476473,7.48353271768l,
-0.443078613281,-3.24525146484,12.3271655273,-14.739938618,1.99073933813,-1.99073933813,14.739938618l,
-1.46335693359,-0.464633789063,10.1141674805,-2.60318835353,8.22409213438,-8.22409213438,2.60318835353l,
-0.0239501953125,-4.46671142578,9.69264404297,-24.7418466467,0.128579364535,-0.128579364535,24.7418466467l,
1.08254882812,-2.55069580078,9.15615966797,-15.4641124598,-6.49769786993,6.49769786993,15.4641124598l,
1.10170898438,-2.67044677734,13.2276928711,-11.3752807392,-4.66733187332,4.66733187332,11.3752807392l,
1.29570556641,-4.02842285156,9.72617431641,-22.3209260689,-7.01662293295,7.01662293295,22.3209260689l,
-0.838256835938,0.622705078125,9.29267578125,3.81821942532,5.1430109397,-5.1430109397,-3.81821942532l,
1.31726074219,-0.649050292969,9.49385742188,-3.87396016105,-7.8811204945,7.8811204945,3.87396016105l,
3.38416259766,0.13412109375,10.4279150391,0.70090106034,-17.9783675126,17.9783675126,-0.70090106034l,
-0.244291992188,0.009580078125,11.7355957031,0.0467619241953,1.19251503113,-1.19251503113,-0.0467619241953l,
-0.749641113281,-2.32795898437,8.87594238281,-14.6464797214,4.67037877286,-4.67037877286,14.6464797214l,
1.20948486328,1.59268798828,10.3345092773,8.70265019072,-6.59797033171,6.59797033171,-8.70265019072l,
2.16270263672,-3.35781738281,9.93214599609,-18.2802044579,-11.6553970165,11.6553970165,18.2802044579l,
-1.44180175781,-3.89190673828,12.0613183594,-17.765234037,6.4902596689,-6.4902596689,17.765234037l,
-0.277822265625,-1.56634277344,11.1176806641,-8.01700931917,1.41748628998,-1.41748628998,8.01700931917l,
0.337697753906,-0.196391601563,11.2470117188,-0.999927757854,-1.71955882318,1.71955882318,0.999927757854l,
-2.43812988281,-1.96152099609,10.0016015625,-10.7878741451,13.4532965546,-13.4532965546,10.7878741451l,
0.416733398438,-4.80201416016,9.66869384766,-26.3903889948,-2.21066175035,2.21066175035,26.3903889948l,
0.167651367188,-1.62382324219,9.87227050781,-9.33923756032,-0.960008867721,0.960008867721,9.33923756032l,
-1.03943847656,-3.80329101563,9.26872558594,-22.1846388012,5.92323729075,-5.92323729075,22.1846388012l,
0.376018066406,-3.46559326172,8.95018798828,-21.1498455694,-2.24357855754,2.24357855754,21.1498455694l,
-0.205971679688,-1.90883056641,12.3894360352,-8.75745491155,0.941337281332,-0.941337281332,8.75745491155l,
-1.71004394531,-1.53520751953,7.78141845703,-10.9068328989,12.1669486054,-12.1669486054,10.9068328989l,
-1.84895507813,-0.47900390625,8.56937988281,-3.12751860017,12.1572465468,-12.1572465468,3.12751860017l,
-2.27047851563,-0.699345703125,8.84241210938,-4.38058145934,14.3578344393,-14.3578344393,4.38058145934l,
1.88488037109,0.387993164063,10.5165307617,2.07978086043,-10.1544837336,10.1544837336,-2.07978086043l,
4.13619873047,-2.13396240234,10.1261425781,-11.0392020089,-21.7860263069,21.7860263069,11.0392020089l,
1.06099365234,0.217946777344,9.85311035156,1.259871786,-6.14449874883,6.14449874883,-1.259871786l,
0.512534179688,-0.855021972656,10.4446801758,-4.67430987396,-2.79997448068,2.79997448068,4.67430987396l,
2.82372802734,-0.984353027344,10.229128418,-5.29964633355,-15.3644482269,15.3644482269,5.29964633355l,
2.12198730469,-2.41178466797,12.0876635742,-11.1180460556,-9.76809005887,9.76809005887,11.1180460556l,
0.673000488281,-0.740061035156,9.120234375,-4.62657485943,-4.20654555262,4.20654555262,4.62657485943l,
-2.15072753906,-2.29921875,10.6075415039,-11.9931024945,11.2081515318,-11.2081515318,11.9931024945l,
-0.129331054688,-1.01069824219,11.0458300781,-5.22767450319,0.668031518882,-0.668031518882,5.22767450319l,
-1.48730712891,-1.11847412109,9.20406005859,-6.84071110196,9.11331660897,-9.11331660897,6.84071110196l,
0.936452636719,-2.58422607422,9.25435546875,-15.5266509815,-5.56657391333,5.56657391333,15.5266509815l,
-0.371228027344,0.122145996094,9.48906738281,0.736923316762,2.24017786816,-2.24017786816,-0.736923316762l,
0.843046875,3.23567138672,9.71898925781,18.3495036139,-4.70489894225,4.70489894225,-18.3495036139l,
-0.100590820313,-2.83091308594,9.97286132813,-15.8464464867,0.555929375692,-0.555929375692,15.8464464867l,
0.186811523438,-1.81781982422,10.310559082,-9.99726090061,-1.02223551689,1.02223551689,9.99726090061l,
-1.59029296875,-0.445473632813,10.1955981445,-2.47196635388,8.85715101821,-8.85715101821,2.47196635388l,
0.960402832031,-2.70397705078,7.70956787109,-19.1899370759,-6.70448390485,6.70448390485,19.1899370759l,
0.313747558594,-1.00590820312,11.838581543,-4.85498262361,-1.51265643831,1.51265643831,4.85498262361l,
2.67763183594,-1.35318603516,10.6913671875,-6.99952465659,-13.9534806398,13.9534806398,6.99952465659l,
-1.60466308594,-3.11352539062,8.93102783203,-18.9383501886,9.62903493287,-9.62903493287,18.9383501886l,
-3.28836181641,-2.48124023437,9.55133789062,-13.8003250654,18.4292379978,-18.4292379978,13.8003250654l,
0.701740722656,-0.780776367187,10.6458618164,-4.18555922881,-3.76122346565,3.76122346565,4.18555922881l,
-1.10649902344,-2.30400878906,9.886640625,-13.0396211749,6.22056586986,-6.22056586986,13.0396211749l,
0.392783203125,-2.27047851563,8.25563232422,-15.3608564628,-2.62656385686,2.62656385686,15.3608564628l,
-1.8010546875,-1.36037109375,11.4649584961,-6.6855407949,8.86655416691,-8.86655416691,6.6855407949l,
1.74596923828,-0.32572265625,9.81958007812,-1.87052974102,-10.0766746636,10.0766746636,1.87052974102l,
-0.047900390625,-3.42487792969,9.30944091797,-20.1979686055,0.276675523013,-0.276675523013,20.1979686055l,
1.58071289063,0.0981958007813,6.67491943359,0.820146225594,-13.3216043973,13.3216043973,-0.820146225594l,
-0.179626464844,-0.047900390625,12.339140625,-0.222396823425,0.834015446067,-0.834015446067,0.222396823425l,
0.4981640625,-1.68369873047,10.1860180664,-9.37483770034,-2.7624885284,2.7624885284,9.37483770034l,
-0.493374023438,-3.80568603516,9.66629882813,-21.4644945087,2.71907117489,-2.71907117489,21.4644945087l,
4.59604248047,-2.28005859375,9.19447998047,-12.5064473176,-25.8814778526,25.8814778526,12.5064473176l,
-1.19511474609,-2.58901611328,11.7643359375,-12.3498266238,5.66598865925,-5.66598865925,12.3498266238l,
-3.1039453125,-2.72313720703,11.5703393555,-12.806698581,14.6349828699,-14.6349828699,12.806698581l,
-0.2682421875,-0.4981640625,9.32381103516,-3.05709898714,1.64557549509,-1.64557549509,3.05709898714l,
-2.89078857422,-1.41545654297,11.1943212891,-6.97986744777,14.3699356211,-14.3699356211,6.97986744777l,
-1.30768066406,-2.49561035156,11.9343823242,-11.7426714093,6.12172530473,-6.12172530473,11.7426714093l,
-0.208366699219,-2.43573486328,10.9787695313,-12.5067732912,1.06148544777,-1.06148544777,12.5067732912l,
-1.34600097656,-2.78061767578,10.5811962891,-14.6111272494,7.01383700856,-7.01383700856,14.6111272494l,
-1.21427490234,1.916015625,10.459050293,10.3132589255,6.51481940196,-6.51481940196,-10.3132589255l,
-0.764011230469,0.0790356445313,11.2733569336,0.400765405138,3.87699192883,-3.87699192883,-0.400765405138l,
-1.24062011719,0.950822753906,11.4050830078,4.73781358381,6.18680552926,-6.18680552926,-4.73781358381l,
-0.186811523438,0.349672851562,9.38608154297,2.13311124668,1.13941923705,-1.13941923705,-2.13311124668l,
0.649050292969,-3.7937109375,7.76704833984,-25.9540456113,-4.2940830637,4.2940830637,25.9540456113l,
-0.644260253906,-1.49688720703,8.82804199219,-9.59851959537,4.11544417809,-4.11544417809,9.59851959537l,
-0.809516601563,-2.44052490234,9.886640625,-13.8218215091,4.54509415373,-4.54509415373,13.8218215091l,
-0.821491699219,-0.105380859375,10.1381176758,-0.59359523155,4.63230677886,-4.63230677886,0.59359523155l,
0.661025390625,-0.462238769531,6.68689453125,-3.93522161961,-5.6322136904,5.6322136904,3.93522161961l,
1.59268798828,-3.23327636719,8.78972167969,-19.8978945446,-9.65129589329,9.65129589329,19.8978945446l,
-3.65479980469,-1.14481933594,9.01485351563,-6.71217339907,21.9094813777,-21.9094813777,6.71217339907l,
1.09452392578,-3.16142578125,9.94172607422,-17.5410081074,-5.98938966066,5.98938966066,17.5410081074l,
-3.9469921875,-0.01916015625,11.8936669922,-0.0876029794418,18.3587446566,-18.3587446566,0.0876029794418l,
-0.754431152344,-0.993933105469,7.92990966797,-7.1123997903,5.3926727232,-5.3926727232,7.1123997903l,
0.524509277344,0.076640625,12.3056103516,0.356515779824,-2.44062714396,2.44062714396,-0.356515779824l,
2.36388427734,-0.184416503906,8.38496337891,-1.21268882372,-15.7405588483,15.7405588483,1.21268882372l,
0.189206542969,-2.86683837891,9.57049804688,-16.6724864158,-1.08495791035,1.08495791035,16.6724864158l,
0.4981640625,-2.61536132813,10.6362817383,-13.799878532,-2.60410454805,2.60410454805,13.799878532l,
-0.869392089844,-4.28229492188,10.6698120117,-21.8024507702,4.32439018005,-4.32439018005,21.8024507702l,
-3.01053955078,0.311352539062,9.41482177734,1.80417748762,17.7234248249,-17.7234248249,-1.80417748762l,
0.543669433594,-0.45984375,8.97174316406,-2.92874578383,-3.46323250701,3.46323250701,2.92874578383l,
-0.802331542969,-0.649050292969,9.54894287109,-3.87485295534,4.79188125178,-4.79188125178,3.87485295534l,
-4.01405273438,-4.215234375,9.74293945313,-21.8026342074,20.712818154,-20.712818154,21.8026342074l,
-0.598754882812,0.637075195313,10.7632177734,3.38216967162,3.17851522891,-3.17851522891,-3.38216967162l,
-3.32189208984,-0.883762207031,11.148815918,-4.3443610582,16.5428639372,-16.5428639372,4.3443610582l,
-0.443078613281,-0.311352539062,9.12502441406,-1.95191804925,2.77828089456,-2.77828089456,1.95191804925l,
-0.308957519531,1.22145996094,11.5415991211,6.0390399437,1.52487513823,-1.52487513823,-6.0390399437l,
0.687370605469,-1.31486572266,7.87003417969,-9.44961939242,-4.92365783533,4.92365783533,9.44961939242l,
-1.77949951172,-1.21187988281,8.10953613281,-8.30458713913,12.2446255994,-12.2446255994,8.30458713913l,
-3.14466064453,-0.359252929688,11.3763427734,-1.74340240335,15.4445883772,-15.4445883772,1.74340240335l,
0.634680175781,-2.15791259766,10.2458935547,-11.871276086,-3.46874251247,3.46874251247,11.871276086l,
-0.0790356445313,-2.79977783203,9.81,-15.9282762943,0.44387842249,-0.44387842249,15.9282762943l,
-1.55436767578,-2.34472412109,8.22689208984,-15.6450379938,10.2983881252,-10.2983881252,15.6450379938l,
-1.15918945312,0.148491210938,11.726015625,0.722001573444,5.64525058458,-5.64525058458,-0.722001573444l,
1.03225341797,-0.28740234375,8.33227294922,-1.96052549091,-7.05801705031,7.05801705031,1.96052549091l,
-1.15679443359,-3.38416259766,9.42919189453,-19.6075219401,6.58680111459,-6.58680111459,19.6075219401l,
-0.809516601563,-0.182021484375,12.681628418,-0.820649173657,3.65207692379,-3.65207692379,0.820649173657l,
-0.510139160156,-2.11959228516,8.05205566406,-14.7195306116,3.5060134416,-3.5060134416,14.7195306116l,
0.773591308594,1.37474121094,11.5918945313,6.74853264874,-3.79151136691,3.79151136691,-6.74853264874l,
0.953217773438,-1.51604736328,10.1955981445,-8.42150105557,-5.28347512299,5.28347512299,8.42150105557l,
-0.922082519531,-0.802331542969,8.94539794922,-5.09839370251,5.86183918996,-5.86183918996,5.09839370251l,
0.447868652344,1.17595458984,10.9260791016,6.13788151265,-2.33382203081,2.33382203081,-6.13788151265l,
-1.29570556641,0.649050292969,10.6793920898,3.45267039959,6.90513290563,-6.90513290563,-3.45267039959l,
-2.62733642578,-0.4981640625,9.45314208984,-2.90662166011,15.5118606454,-15.5118606454,2.90662166011l,
-1.34600097656,-2.12198730469,12.1211938477,-9.87035003606,6.24229706419,-6.24229706419,9.87035003606l,
-1.73399414063,-0.433498535156,10.2722387695,-2.3828331568,9.57306382276,-9.57306382276,2.3828331568l,
1.27894042969,-1.17834960938,11.6565600586,-5.73815864507,-6.22986380424,6.22986380424,5.73815864507l,
1.57352783203,-0.950822753906,9.01245849609,-5.93337879517,-9.85012718342,9.85012718342,5.93337879517l,
2.33514404297,-0.136516113281,8.26760742188,-0.910381629538,-15.7700226396,15.7700226396,0.910381629538l,
3.21411621094,-2.41178466797,9.05796386719,-14.0864897443,-18.9264389266,18.9264389266,14.0864897443l,
-2.27287353516,-3.20693115234,11.6996704102,-15.0601117013,10.6117538755,-10.6117538755,15.0601117013l,
1.36755615234,-0.193996582031,10.1740429688,-1.08263763278,-7.65421958487,7.65421958487,1.08263763278l,
-3.34823730469,-1.6477734375,8.10235107422,-10.6447620524,22.0456458699,-22.0456458699,10.6447620524l,
0.764011230469,1.76991943359,11.0793603516,9.05512124546,-3.8955227522,3.8955227522,-9.05512124546l,
0.634680175781,1.29570556641,10.4853955078,7.03172490829,-3.43779784763,3.43779784763,-7.03172490829l,
0.1916015625,-3.23088134766,8.51429443359,-20.7752174416,-1.20530526113,1.20530526113,20.7752174416l,
0.01916015625,-1.00830322266,9.49146240234,-6.06392731064,-0.11501410391,0.11501410391,6.06392731064l,
-2.06211181641,-2.56267089844,10.7440576172,-13.183516894,10.5749957068,-10.5749957068,13.183516894l,
-0.661025390625,1.51365234375,8.69392089844,9.84859690756,4.28381116392,-4.28381116392,-9.84859690756l,
-2.72792724609,-1.14002929688,9.95609619141,-6.30193868623,15.2278968839,-15.2278968839,6.30193868623l,
-2.53153564453,-0.474213867188,10.4542602539,-2.52434458344,13.5988789261,-13.5988789261,2.52434458344l,
-1.00830322266,-1.85614013672,9.84353027344,-10.6242456144,5.7479846297,-5.7479846297,10.6242456144l,
-1.29091552734,-0.397573242188,10.8614135742,-2.08169112188,6.7735057036,-6.7735057036,2.08169112188l,
-0.934057617188,-0.76640625,12.2313647461,-3.57503226271,4.35844607354,-4.35844607354,3.57503226271l,
-2.1842578125,0.869392089844,8.13348632813,5.8939201144,14.9508553018,-14.9508553018,-5.8939201144l,
-2.62973144531,-0.926872558594,10.1979931641,-5.02956999497,14.4028310199,-14.4028310199,5.02956999497l,
-1.00111816406,-3.58534423828,9.14178955078,-21.2989246147,5.82117573132,-5.82117573132,21.2989246147l,
-1.76512939453,-0.13412109375,10.7296875,-0.706662493847,9.34127543289,-9.34127543289,0.706662493847l,
1.76033935547,0.239501953125,11.3955029297,1.18991192606,-8.77954095994,8.77954095994,-1.18991192606l,
-2.50998046875,-1.90164550781,10.7320825195,-9.78924516027,12.9684949068,-12.9684949068,9.78924516027l,
0.447868652344,-0.742456054688,10.9931396484,-3.86058908247,-2.32768544415,2.32768544415,3.86058908247l,
0.411943359375,-5.51093994141,9.07712402344,-31.2368016997,-2.22154931728,2.22154931728,31.2368016997l,
-0.625100097656,0.893342285156,8.28197753906,6.13912498825,4.29153828478,-4.29153828478,-6.13912498825l,
-1.48730712891,-1.07536376953,8.95737304688,-6.75419142421,9.36151966174,-9.36151966174,6.75419142421l,
-1.25020019531,-1.25020019531,9.20645507812,-7.66374496915,7.66374496915,-7.66374496915,7.66374496915l,
2.58183105469,-4.6367578125,10.0471069336,-24.0836677272,-13.133511193,13.133511193,24.0836677272l,
2.28484863281,-2.03576660156,11.6876953125,-9.70063061734,-10.9012418978,10.9012418978,9.70063061734l,
1.10649902344,-0.905317382813,8.31790283203,-6.15777741853,-7.53337909608,7.53337909608,6.15777741853l,
-3.03927978516,-1.07775878906,8.46639404297,-6.83217373231,19.6012142544,-19.6012142544,6.83217373231l,
-2.52195556641,-2.99616943359,8.95018798828,-17.8596274175,14.9600678477,-14.9600678477,17.8596274175l,
1.93038574219,-1.40348144531,10.499765625,-7.4894136926,-10.3276638402,10.3276638402,7.4894136926l,
-0.387993164063,0.878972167969,10.0207617188,5.00914112635,2.20885098658,-2.20885098658,-5.00914112635l,
-3.04885986328,0.318537597656,8.20773193359,2.08353406749,20.3640442485,-20.3640442485,-2.08353406749l,
1.8776953125,-2.12917236328,11.0649902344,-10.7420430283,-9.46083089458,9.46083089458,10.7420430283l,
-1.9543359375,-1.609453125,9.51780761719,-9.40525971388,11.4454193307,-11.4454193307,9.40525971388l,
1.00590820312,-0.946032714844,8.72745117187,-6.14618138743,-6.5368256214,6.5368256214,6.14618138743l,
-1.15679443359,-4.21044433594,11.7427807617,-19.6378615651,5.29791361387,-5.29791361387,19.6378615651l,
0.838256835938,-2.88360351562,9.63755859375,-16.598233753,-4.76334710781,4.76334710781,16.598233753l,
-1.39390136719,-1.69806884766,11.0506201172,-8.66826587632,7.10665312853,-7.10665312853,8.66826587632l,
-4.48587158203,-5.08702148438,9.58247314453,-25.6778974023,22.4641709998,-22.4641709998,25.6778974023l,
-0.251477050781,-1.32684082031,9.64713867188,-7.82854419725,1.47930136451,-1.47930136451,7.82854419725l,
-3.19495605469,-2.64170654297,9.41961181641,-14.8736076803,18.0860749848,-18.0860749848,14.8736076803l,
-0.718505859375,-0.0143701171875,12.8061694336,-0.0641920183144,3.21128125429,-3.21128125429,0.0641920183144l,
-3.19974609375,-1.81063476563,11.4290332031,-8.67405328042,15.4570756786,-15.4570756786,8.67405328042l,
-2.20341796875,-1.95194091797,8.95976806641,-11.9449691611,13.511305955,-13.511305955,11.9449691611l,
-1.12086914062,-2.1076171875,8.64841552734,-13.5866317184,7.17684290404,-7.17684290404,13.5866317184l,
-0.349672851562,-2.79977783203,11.5655493164,-13.6023317263,1.68316584958,-1.68316584958,13.6023317263l,
0.893342285156,0.167651367188,11.3044921875,0.847022920935,-4.51793820691,4.51793820691,-0.847022920935l,
0.543669433594,-0.0934057617188,8.40412353516,-0.635446835458,-3.70112406832,3.70112406832,0.635446835458l,
-0.6514453125,-0.857416992188,11.3715527344,-4.30492073547,3.26947528219,-3.26947528219,4.30492073547l,
0.570014648438,-0.167651367188,12.3583007813,-0.776395328956,-2.64059801689,2.64059801689,0.776395328956l,
1.4178515625,-3.11113037109,7.46527587891,-22.2655596447,-9.94356244505,9.94356244505,22.2655596447l,
-0.342487792969,-2.22018310547,12.149934082,-10.3515041079,1.5883645672,-1.5883645672,10.3515041079l,
-0.526904296875,4.25115966797,10.6578369141,21.7218349695,2.62917457114,-2.62917457114,-21.7218349695l,
0.732875976563,-0.665815429688,8.56458984375,-4.42913995813,-4.87627078833,4.87627078833,4.42913995813l,
1.75315429688,-1.23583007813,10.770402832,-6.46136582023,-9.18601055738,9.18601055738,6.46136582023l,
-2.90036865234,-3.70749023438,8.43525878906,-22.569708662,17.472755069,-17.472755069,22.569708662l,
-2.12917236328,-1.44419677734,6.86652099609,-11.3588632285,16.8799632698,-16.8799632698,11.3588632285l,
-0.596359863281,-0.493374023438,10.7895629883,-2.61415409701,3.16033312546,-3.16033312546,2.61415409701l,
-0.366437988281,-5.27143798828,9.15376464844,-29.9167955141,1.98681240082,-1.98681240082,29.9167955141l,
0.0311352539063,0.850231933594,9.63516357422,5.04284052379,-0.184429389455,0.184429389455,-5.04284052379l,
1.41306152344,-2.59859619141,10.0327368164,-14.3851573478,-7.7641620213,7.7641620213,14.3851573478l,
0.158071289063,-1.93996582031,10.459050293,-10.5067467025,-0.851346597926,0.851346597926,10.5067467025l,
-1.99984130859,-0.649050292969,11.2829370117,-3.24188900596,10.0347390963,-10.0347390963,3.24188900596l,
0.622705078125,-0.0742456054688,7.09165283203,-0.597533598377,-5.01789338445,5.01789338445,0.597533598377l,
-2.84049316406,1.94236083984,8.50950439453,12.2167611158,18.0265606502,-18.0265606502,-12.2167611158l,
1.69327880859,1.77231445313,8.83762207031,11.142321089,-10.6395017993,10.6395017993,-11.142321089l,
-0.869392089844,-1.20469482422,10.2434985352,-6.68369427236,4.81816628614,-4.81816628614,6.68369427236l,
2.1459375,-0.162861328125,10.0830322266,-0.905094346119,-12.0132811852,12.0132811852,0.905094346119l,
2.11001220703,0.320932617187,8.57177490234,2.08209219312,-13.8195720056,13.8195720056,-2.08209219312l,
3.17579589844,-1.32923583984,9.35255126953,-7.66472157052,-18.5819349182,18.5819349182,7.66472157052l,
0.912502441406,-0.86220703125,9.87227050781,-4.97025362423,-5.26097992753,5.26097992753,4.97025362423l,
-2.75187744141,-1.51365234375,8.42567871094,-9.69092503746,17.8205179229,-17.8205179229,9.69092503746l,
-2.85486328125,-1.7244140625,9.33578613281,-10.0171616609,16.7366140032,-16.7366140032,10.0171616609l,
0.423918457031,-0.0550854492188,6.61504394531,-0.476131431202,-3.66660181781,3.66660181781,0.476131431202l,
0.692160644531,0.40236328125,11.4984887695,2.00049863912,-3.44270601605,3.44270601605,-2.00049863912l,
-3.065625,-0.934057617188,8.61009521484,-5.83532655571,19.4926008502,-19.4926008502,5.83532655571l,
1.19750976562,-4.15296386719,8.51189941406,-25.7871871117,-7.20622975527,7.20622975527,25.7871871117l,
-2.14354248047,-1.35558105469,10.1860180664,-7.4198794945,11.7829610766,-11.7829610766,7.4198794945l,
-1.7244140625,-1.91841064453,11.7379907227,-9.18524683121,8.24955564624,-8.24955564624,9.18524683121l,
0.414338378906,-2.85486328125,9.66869384766,-16.4359546698,-2.35349986958,2.35349986958,16.4359546698l,
0.146096191406,-4.73016357422,10.5907763672,-24.0649653531,-0.721629831241,0.721629831241,24.0649653531l,
1.55915771484,1.02027832031,11.3380224609,5.09435694408,-7.79884474621,7.79884474621,-5.09435694408l,
0.0838256835938,-1.43222167969,11.2182714844,-7.27531620336,-0.424673368464,0.424673368464,7.27531620336l,
-0.347277832031,-3.29794189453,10.2554736328,-17.8171188146,1.84639483668,-1.84639483668,17.8171188146l,
-1.02027832031,-1.11607910156,8.39933349609,-7.51436116696,6.86609777163,-6.86609777163,7.51436116696l,
-0.701740722656,-0.967587890625,9.53457275391,-5.77912950662,4.18792420501,-4.18792420501,5.77912950662l,
-1.4944921875,0.160466308594,12.1379589844,0.751741771598,7.01863587897,-7.01863587897,-0.751741771598l,
-1.10170898438,-1.82739990234,8.71068603516,-11.7571338619,7.05636537917,-7.05636537917,11.7571338619l,
0.922082519531,-2.71834716797,11.3931079102,-13.377472317,-4.50124608522,4.50124608522,13.377472317l,
-3.65240478516,0.213156738281,10.6027514648,1.08893235858,19.0040909139,-19.0040909139,-1.08893235858l,
-1.56394775391,-1.93038574219,10.0255517578,-10.7715536295,8.70901104264,-8.70901104264,10.7715536295l,
0.3065625,-1.08254882812,11.2901220703,-5.47503305147,-1.54828175627,1.54828175627,5.47503305147l,
-0.613125,-0.282612304688,12.1643041992,-1.32922204416,2.88469585695,-2.88469585695,1.32922204416l,
-2.61296630859,0.213156738281,9.69264404297,1.21641051222,15.0837913598,-15.0837913598,-1.21641051222l,
-0.641865234375,0.280217285156,9.81958007812,1.63110329669,3.73834964731,-3.73834964731,-1.63110329669l,
-1.25259521484,-1.25499023438,9.06754394531,-7.8067329067,7.79174194474,-7.79174194474,7.8067329067l,
-0.179626464844,-1.85614013672,10.0614770508,-10.4507726471,1.00581807336,-1.00581807336,10.4507726471l,
3.19256103516,-2.32316894531,7.32875976563,-16.2047129209,-22.5509976672,22.5509976672,16.2047129209l,
-3.08478515625,-1.98786621094,11.0506201172,-9.82966074884,15.3624315374,-15.3624315374,9.82966074884l,
-1.65495849609,0.289797363281,11.0410400391,1.48691045517,8.52179616628,-8.52179616628,-1.48691045517l,
-2.08606201172,-1.71004394531,8.89989257812,-10.5959621412,12.9626323252,-12.9626323252,10.5959621412l,
0.560434570312,1.56155273437,9.07951904297,9.74043619046,-3.48112772444,3.48112772444,-9.74043619046l,
-0.871787109375,-2.17467773437,8.65320556641,-14.0388804062,5.58059541763,-5.58059541763,14.0388804062l,
0.3065625,-0.354462890625,10.959609375,-1.85172824475,-1.60142441858,1.60142441858,1.85172824475l,
-0.888552246094,0.821491699219,11.7451757813,3.98955404786,4.31582585067,-4.31582585067,-3.98955404786l,
-2.29442871094,0.170046386719,9.04359375,1.04413126678,14.2335901487,-14.2335901487,-1.04413126678l,
0.112565917969,-1.90164550781,10.1740429688,-10.5864444316,-0.623106287215,0.623106287215,10.5864444316l,
-1.32444580078,-0.433498535156,10.6769970703,-2.30733346194,7.06546566328,-7.06546566328,2.30733346194l,
0.318537597656,1.20469482422,10.5332958984,6.52162248454,-1.72094278944,1.72094278944,-6.52162248454l,
-0.483793945313,-3.61408447266,11.2230615234,-17.8342432735,2.3496483518,-2.3496483518,17.8342432735l,
-1.25499023438,-1.839375,11.4481933594,-9.07422404047,6.17737852951,-6.17737852951,9.07422404047l,
-3.90148681641,-0.931662597656,10.5811962891,-4.7225998505,20.1681761191,-20.1681761191,4.7225998505l,
-0.24908203125,-2.88120849609,8.55979980469,-18.5957822408,1.57974010644,-1.57974010644,18.5957822408l,
-3.04885986328,1.66932861328,9.89622070313,9.15765894245,16.8983361598,-16.8983361598,-9.15765894245l,
1.86572021484,0.328117675781,9.68066894531,1.90619444858,-10.9025478605,10.9025478605,-1.90619444858l,
-0.392783203125,-2.66326171875,9.62318847656,-15.4574182559,2.25271828281,-2.25271828281,15.4574182559l,
1.55436767578,-0.13412109375,10.1405126953,-0.749017666995,-8.71388592173,8.71388592173,0.749017666995l,
1.10889404297,2.74708740234,11.8888769531,12.9563064862,-5.1926119039,5.1926119039,-12.9563064862l,
-1.96631103516,-1.85135009766,9.42919189453,-10.8799986723,11.5646419925,-11.5646419925,10.8799986723l,
-1.31486572266,-1.91122558594,11.2901220703,-9.54479989221,6.55046592635,-6.55046592635,9.54479989221l,
3.57576416016,-0.740061035156,9.61600341797,-4.12591307467,-20.3427227144,20.3427227144,4.12591307467l,
2.34711914063,0.107775878906,8.61488525391,0.691552670071,-15.2391546061,15.2391546061,-0.691552670071l,
-1.07296875,-3.06802001953,9.17292480469,-18.3764793869,6.3299971521,-6.3299971521,18.3764793869l,
0.538879394531,-1.916015625,11.7906811523,-9.22056843169,-2.58298060297,2.58298060297,9.22056843169l,
-1.19271972656,-1.23104003906,12.5499023438,-5.57734048648,5.40320189406,-5.40320189406,5.57734048648l,
0.258662109375,-0.675395507813,10.080637207,-3.83179038524,-1.46656065638,1.46656065638,3.83179038524l,
-1.19271972656,-0.546064453125,9.35015625,-3.31556509798,7.25724074055,-7.25724074055,3.31556509798l,
-1.03225341797,-2.42854980469,9.27591064453,-14.5852880502,6.14449847344,-6.14449847344,14.5852880502l,
-2.222578125,-2.07887695312,9.46751220703,-12.066421442,12.9144321418,-12.9144321418,12.066421442l,
0.562829589844,-3.89190673828,9.01006347656,-23.3213953728,-3.28206733904,3.28206733904,23.3213953728l,
0.392783203125,-0.59396484375,9.29028076172,-3.65491339631,-2.41603594868,2.41603594868,3.65491339631l,
-1.76033935547,-3.33865722656,12.185859375,-15.1716792647,7.93156818005,-7.93156818005,15.1716792647l,
-0.553249511719,-2.76624755859,11.613449707,-13.3831917983,2.65331336873,-2.65331336873,13.3831917983l,
0.835861816406,-1.56394775391,8.97413818359,-9.84404157412,-5.24267723571,5.24267723571,9.84404157412l,
-1.8776953125,-3.85837646484,9.55612792969,-21.6126654879,10.326042372,-10.326042372,21.6126654879l,
0.706530761719,-1.47533203125,9.31902099609,-8.97074123829,-4.28250876504,4.28250876504,8.97074123829l,
1.85614013672,-2.81175292969,9.15615966797,-16.7500473091,-10.9673355213,10.9673355213,16.7500473091l,
-0.462238769531,1.38671630859,10.2363134766,7.70714979048,2.56216324778,-2.56216324778,-7.70714979048l,
-3.51349365234,-2.82133300781,11.1440258789,-13.5744665925,16.995125149,-16.995125149,13.5744665925l,
-0.732875976563,-2.53393066406,9.886640625,-14.3376733045,4.10718599681,-4.10718599681,14.3376733045l,
0.730480957031,-2.222578125,8.48555419922,-14.6257126065,-4.7603826194,4.7603826194,14.6257126065l,
0.622705078125,-1.40827148438,10.5692211914,-7.57655522412,-3.34231757991,3.34231757991,7.57655522412l,
2.36867431641,-2.08127197266,10.4087548828,-11.0325171773,-12.5793656702,12.5793656702,11.0325171773l,
2.08845703125,-0.177231445313,6.56953857422,-1.47274411226,-17.6294494145,17.6294494145,1.47274411226l,
-0.148491210938,-4.40204589844,7.87482421875,-29.2009591335,0.942966657508,-0.942966657508,29.2009591335l,
0.620310058594,0.086220703125,10.693762207,0.46117405331,-3.31971236586,3.31971236586,-0.46117405331l,
0.45984375,-1.98786621094,8.48555419922,-13.1659786878,-3.02029008323,3.02029008323,13.1659786878l,
-0.392783203125,-1.59987304687,9.08430908203,-9.97902294555,2.43830834656,-2.43830834656,9.97902294555l,
1.08733886719,-1.41306152344,11.0027197266,-7.2832489465,-5.59822048159,5.59822048159,7.2832489465l,
2.31598388672,-0.105380859375,10.7225024414,-0.550393773812,-12.1876709349,12.1876709349,0.550393773812l,
1.54478759766,1.59508300781,11.2086914063,8.02439901362,-7.76978894663,7.76978894663,-8.02439901362l,
1.38192626953,-3.27399169922,6.53361328125,-26.1165674082,-10.7080387593,10.7080387593,26.1165674082l,
-0.692160644531,-0.0407153320313,8.79451171875,-0.264438616921,4.50006568075,-4.50006568075,0.264438616921l,
1.14721435547,-0.754431152344,9.92017089844,-4.32030194762,-6.57781818521,6.57781818521,4.32030194762l,
2.50279541016,-3.05843994141,11.9343823242,-14.0802000761,-11.4832689106,11.4832689106,14.0802000761l,
-2.31358886719,0.438288574219,10.2818188477,2.38142635118,12.6702018536,-12.6702018536,-2.38142635118l,
-0.328117675781,-2.28484863281,11.3691577148,-11.3587021422,1.62072872401,-1.62072872401,11.3587021422l,
-1.1879296875,0.661025390625,12.0637133789,3.12129198394,5.6154901183,-5.6154901183,-3.12129198394l,
-0.193996582031,-0.174836425781,10.3895947266,-0.963916187993,1.06956250442,-1.06956250442,0.963916187993l,
-3.01053955078,-2.36627929688,11.5415991211,-11.2208724856,14.3339193509,-14.3339193509,11.2208724856l,
-3.26920166016,-1.97110107422,9.40045166016,-11.2022937547,18.7969721044,-18.7969721044,11.2022937547l,
-1.26217529297,-1.81781982422,9.48906738281,-10.7522925869,7.44286104401,-7.44286104401,10.7522925869l,
-1.19032470703,0.450263671875,10.5141357422,2.43662424511,6.45319478098,-6.45319478098,-2.43662424511l,
0.560434570312,-0.385598144531,11.2494067383,-1.96074036507,-2.85039112373,2.85039112373,1.96074036507l,
-1.35318603516,0.610729980469,10.0471069336,3.44748656427,7.65670926632,-7.65670926632,-3.44748656427l,
-0.67060546875,-2.93868896484,9.99441650391,-16.3502856582,3.68321867996,-3.68321867996,16.3502856582l,
-0.754431152344,-3.82005615234,11.726015625,-18.0095493616,3.50064284462,-3.50064284462,18.0095493616l,
1.37474121094,-1.71722900391,7.86763916016,-12.1342763741,-9.68783223889,9.68783223889,12.1342763741l,
0.668210449219,0.0622705078125,8.55261474609,0.415888605683,-4.4672903124,4.4672903124,-0.415888605683l,
-0.294587402344,0.749641113281,11.5631542969,3.70810373313,1.45631792998,-1.45631792998,-3.70810373313l,
-2.55309082031,-0.905317382813,9.04359375,-5.50291657548,15.6903354798,-15.6903354798,5.50291657548l,
1.29570556641,-4.15296386719,7.98739013672,-27.1683027912,-8.19015769677,8.19015769677,27.1683027912l,
-1.61184814453,-1.24780517578,9.90101074219,-7.09062927939,9.17509821041,-9.17509821041,7.09062927939l,
-0.289797363281,-1.52323242188,10.5931713867,-8.17967005465,1.55110378473,-1.55110378473,8.17967005465l,
-0.112565917969,-4.53616699219,10.6841821289,-23.0034033577,0.555630533363,-0.555630533363,23.0034033577l,
-0.160466308594,-1.77949951172,9.14657958984,-11.0079116371,0.986591408284,-0.986591408284,11.0079116371l,
-3.73862548828,-1.7244140625,9.05317382813,-9.98487455007,22.0808912906,-22.0808912906,9.98487455007l,
1.61184814453,1.15918945312,10.0902172852,6.4722029883,-9.01762708864,9.01762708864,-6.4722029883l,
-2.93629394531,0.086220703125,10.0135766602,0.473394548561,16.3422142078,-16.3422142078,-0.473394548561l,
-1.31007568359,-0.699345703125,9.55373291016,-4.14797848622,7.78752638006,-7.78752638006,4.14797848622l,
-1.12805419922,-0.584384765625,8.14306640625,-4.06608030093,7.86697714325,-7.86697714325,4.06608030093l,
-5.53728515625,-0.759221191406,9.88903564453,-3.83237374823,29.1745756547,-29.1745756547,3.83237374823l,
-2.66086669922,-2.44052490234,9.54654785156,-13.8342784938,15.1117658513,-15.1117658513,13.8342784938l,
0.771196289063,-2.01421142578,10.9452392578,-10.4020399985,-3.96402642284,3.96402642284,10.4020399985l,
1.95194091797,-0.658630371094,9.98962646484,-3.70231853085,-11.0327449827,11.0327449827,3.70231853085l,
-1.04901855469,-0.816701660156,10.9548193359,-4.24427342856,5.45484102426,-5.45484102426,4.24427342856l,
0.361647949219,-2.67523681641,9.68545898437,-15.4305337855,-2.06127423891,2.06127423891,15.4305337855l,
0.476608886719,-0.232316894531,10.003996582,-1.32880026799,-2.72688034774,2.72688034774,1.32880026799l,
1.49928222656,-3.34823730469,10.1596728516,-18.0575526126,-7.97842044913,7.97842044913,18.0575526126l,
2.31358886719,0.239501953125,9.92256591797,1.3465798389,-13.1211517756,13.1211517756,-1.3465798389l,
-2.13156738281,-1.17595458984,9.05556884766,-7.2042732878,13.1391379581,-13.1391379581,7.2042732878l,
-0.8813671875,-1.93996582031,9.2351953125,-11.8110465636,5.33579206608,-5.33579206608,11.8110465636l,
0.675395507813,-3.56618408203,10.8590185547,-18.1478096114,-3.38177500492,3.38177500492,18.1478096114l,
-2.33514404297,-1.22145996094,8.46399902344,-7.91987450632,15.2729990188,-15.2729990188,7.91987450632l,
0.397573242188,-0.610729980469,10.1476977539,-3.44150620099,-2.23957639939,2.23957639939,3.44150620099l,
-1.11368408203,-4.13859375,9.43398193359,-23.5410639498,6.17001733725,-6.17001733725,23.5410639498l,
-0.929267578125,-4.42360107422,11.6469799805,-20.7368437851,4.26565372576,-4.26565372576,20.7368437851l,
-2.26568847656,-1.62861328125,9.82916015625,-9.17171663982,12.8115468852,-12.8115468852,9.17171663982l,
0.193996582031,-1.47054199219,10.6434667969,-7.86511130267,-1.03438045812,1.03438045812,7.86511130267l,
-1.52802246094,-6.03784423828,11.4002929688,-27.6962240516,6.75503995106,-6.75503995106,27.6962240516l,
0.426313476563,-1.20948486328,10.3369042969,-6.66801586367,-2.34566387245,2.34566387245,6.66801586367l,
-0.507744140625,0.706530761719,9.82916015625,4.10595600176,2.94949853539,-2.94949853539,-4.10595600176l,
1.00111816406,-1.37474121094,12.2672900391,-6.37319500645,-4.63660142892,4.63660142892,6.37319500645l,
-2.91952880859,1.23583007813,8.93342285156,7.4910641787,17.9381516936,-17.9381516936,-7.4910641787l,
-0.572409667969,-0.1149609375,10.7632177734,-0.611084175517,3.04406414254,-3.04406414254,0.611084175517l,
0.222736816406,0.205971679688,9.80760498047,1.20279441893,-1.30071247877,1.30071247877,-1.20279441893l,
0.577199707031,-0.936452636719,9.62318847656,-5.5481634092,-3.41639426215,3.41639426215,5.5481634092l,
-1.99984130859,-4.53856201172,8.74421630859,-26.838129322,11.4745897857,-11.4745897857,26.838129322l,
-0.950822753906,-1.30049560547,8.80409179688,-8.35478747132,6.09826376733,-6.09826376733,8.35478747132l,
-0.179626464844,-2.56027587891,9.33818115234,-15.3294802286,1.06277694801,-1.06277694801,15.3294802286l,
1.24541015625,-0.924477539063,10.0878222656,-5.19689094757,-7.00886452561,7.00886452561,5.19689094757l,
-0.308957519531,-2.56027587891,10.6698120117,-13.487854476,1.61284861319,-1.61284861319,13.487854476l,
-0.6514453125,-0.792751464844,9.21124511719,-4.90675542964,4.03053396225,-4.03053396225,4.90675542964l,
-2.06450683594,-2.07648193359,8.40651855469,-13.4892679852,13.4100184222,-13.4100184222,13.4892679852l,
-2.12438232422,-1.45138183594,9.61121337891,-8.38784154566,12.3283569725,-12.3283569725,8.38784154566l,
0.416733398438,-0.886157226563,8.77056152344,-5.76299535302,-2.70660444398,2.70660444398,5.76299535302l,
0.119750976562,-2.28724365234,11.7787060547,-10.9886420243,-0.571810571364,0.571810571364,10.9886420243l,
-0.167651367188,-1.15918945312,8.93821289062,-7.38811328052,1.06563155082,-1.06563155082,7.38811328052l,
-3.3721875,-0.725690917969,10.2674487305,-3.84163414745,18.139702218,-18.139702218,3.84163414745l,
-0.0934057617188,-3.11113037109,11.5224389648,-15.1094343815,0.448397014081,-0.448397014081,15.1094343815l,
-1.70046386719,-4.81638427734,11.419453125,-22.6444491565,7.81248345679,-7.81248345679,22.6444491565l,
2.54830078125,-2.56985595703,8.75619140625,-15.7377748679,-15.6023930117,15.6023930117,15.7377748679l,
1.35558105469,-1.16397949219,11.4673535156,-5.7560797458,-6.70762333347,6.70762333347,5.7560797458l,
0.584384765625,-2.13156738281,8.61249023438,-13.8705425835,-3.7683919701,3.7683919701,13.8705425835l,
1.35318603516,-0.866997070313,10.0135766602,-4.90409635526,-7.66770818883,7.66770818883,4.90409635526l,
-0.09580078125,-1.01069824219,9.33339111328,-6.1800640307,0.584662993444,-0.584662993444,6.1800640307l,
1.09452392578,-4.48826660156,10.0375268555,-23.9658040674,-5.68476719567,5.68476719567,23.9658040674l,
3.0273046875,-2.25850341797,10.5740112305,-11.6038370045,-15.6412616019,15.6412616019,11.6038370045l,
-1.46096191406,-1.56873779297,8.70829101563,-10.0740663726,9.37547281898,-9.37547281898,10.0740663726l,
1.56394775391,-3.27399169922,11.1560009766,-16.2055344582,-7.66120246177,7.66120246177,16.2055344582l,
1.54239257813,-1.8010546875,9.17052978516,-10.9610929159,-9.37147023832,9.37147023832,10.9610929159l,
0.934057617188,-3.21890625,9.82437011719,-18.0649882066,-5.16263372619,5.16263372619,18.0649882066l,
-3.19974609375,-2.26329345703,9.34776123047,-12.9023025702,18.4016709284,-18.4016709284,12.9023025702l,
1.03704345703,-0.222736816406,9.07712402344,-1.39657527685,-6.51572545151,6.51572545151,1.39657527685l,
0.500559082031,-4.88104980469,10.2075732422,-25.5293904487,-2.53312914502,2.53312914502,25.5293904487l,
-1.48491210938,-2.5674609375,12.6337280273,-11.4109029667,6.57043967196,-6.57043967196,11.4109029667l,
-2.17707275391,-0.912502441406,10.0447119141,-5.07357077596,12.1803868409,-12.1803868409,5.07357077596l,
-2.18665283203,-3.80089599609,10.4279150391,-19.6330378571,11.1452872242,-11.1452872242,19.6330378571l,
-0.581989746094,-4.59364746094,6.54079833984,-34.9744474316,4.16463889885,-4.16463889885,34.9744474316l,
2.48363525391,-1.03943847656,9.76928466797,-5.88744043958,-14.1872459135,14.1872459135,5.88744043958l,
-2.7590625,-4.42120605469,9.64474365234,-23.7843730756,14.576800882,-14.576800882,23.7843730756l,
-1.52083740234,-1.55197265625,8.06403076172,-10.7094182993,10.4921087371,-10.4921087371,10.7094182993l,
0.742456054688,-4.67747314453,11.6757202148,-21.7919183804,-3.37819596938,3.37819596938,21.7919183804l,
-2.11719726563,-1.38671630859,10.0566870117,-7.68463284968,11.7803494936,-11.7803494936,7.68463284968l,
-1.42743164063,-1.15918945312,10.8183032227,-6.06379131044,7.47423168961,-7.47423168961,6.06379131044l,
-2.85007324219,-2.86204833984,7.47485595703,-19.6854892851,19.5997444684,-19.5997444684,19.6854892851l,
0.222736816406,-2.37825439453,10.0111816406,-13.3602744862,-1.24005275028,1.24005275028,13.3602744862l,
-1.13044921875,-1.52802246094,9.73575439453,-8.86120171025,6.54373667539,-6.54373667539,8.86120171025l,
-2.82372802734,-1.78428955078,11.3907128906,-8.64516336196,13.7614825644,-13.7614825644,8.64516336196l,
-0.366437988281,-3.09915527344,12.4277563477,-13.9966199774,1.63874510628,-1.63874510628,13.9966199774l,
0.546064453125,-4.25594970703,9.73096435547,-23.5896689117,-2.94320535615,2.94320535615,23.5896689117l,
-0.404758300781,-3.65240478516,6.59348876953,-28.9382212186,3.07378295466,-3.07378295466,28.9382212186l,
1.79147460938,-0.677790527344,10.2267333984,-3.73509866978,-9.91469130305,9.91469130305,3.73509866978l,
-0.476608886719,-1.33881591797,9.44116699219,-8.06095313254,2.86137343201,-2.86137343201,8.06095313254l,
-0.929267578125,-0.97716796875,9.58486816406,-5.7941554126,5.509226706,-5.509226706,5.7941554126l,
-0.435893554688,-2.95545410156,8.20294189453,-19.7879380608,2.86199757429,-2.86199757429,19.7879380608l,
-0.86220703125,-3.10155029297,9.83874023438,-17.4341149076,4.77764077762,-4.77764077762,17.4341149076l,
0.675395507813,2.26329345703,10.9045239258,11.7037601068,-3.47043462103,3.47043462103,-11.7037601068l,
3.47517333984,-2.67523681641,9.63276855469,-14.6408413575,-19.1679243142,19.1679243142,14.6408413575l,
2.06211181641,-0.625100097656,9.3884765625,-3.72078851554,-12.3613736979,12.3613736979,3.72078851554l,
0.177231445313,-1.60466308594,9.55373291016,-9.532902354,-1.0480951363,1.0480951363,9.532902354l,
1.51365234375,-4.51461181641,9.51541259766,-25.1059677054,-8.17844564131,8.17844564131,25.1059677054l,
0.605939941406,-5.32412841797,9.52978271484,-29.1421646296,-3.17713640265,3.17713640265,29.1421646296l,
-2.46926513672,-4.58885742188,11.2230615234,-21.7681368509,11.5109514653,-11.5109514653,21.7681368509l,
-0.349672851562,-0.174836425781,9.90101074219,-1.01101888227,2.0223527346,-2.0223527346,1.01101888227l,
-1.81063476563,0.55564453125,11.8673217773,2.65008721413,8.66554885723,-8.66554885723,-2.65008721413l,
-2.37346435547,-0.526904296875,8.88791748047,-3.27809885626,14.9265614621,-14.9265614621,3.27809885626l,
-2.63931152344,-1.89206542969,10.0207617188,-10.3475114367,14.510402325,-14.510402325,10.3475114367l,
-3.11352539062,0.541274414062,11.2733569336,2.64981094091,15.4224031461,-15.4224031461,-2.64981094091l,
-2.04055664063,0.500559082031,10.0686621094,2.78947419965,11.4428709193,-11.4428709193,-2.78947419965l,
0.711320800781,0.493374023438,8.68673583984,3.23987227887,-4.67377066496,4.67377066496,-3.23987227887l,
-2.74948242188,-0.208366699219,10.6386767578,-1.08635392819,14.4879161549,-14.4879161549,1.08635392819l,
-0.198786621094,0.78556640625,11.6254248047,3.86521542912,0.977393750684,-0.977393750684,-3.86521542912l,
1.00830322266,0.711320800781,9.03401367187,4.47440146679,-6.34904264628,6.34904264628,-4.47440146679l,
-1.07775878906,-3.73862548828,9.72377929687,-20.9139877309,5.90647879656,-5.90647879656,20.9139877309l,
0.246687011719,-1.32205078125,9.52259765625,-7.9014036307,-1.46984856946,1.46984856946,7.9014036307l,
0.718505859375,0.301772460938,8.10714111328,2.12342370403,-5.06119295232,5.06119295232,-2.12342370403l,
-0.589174804688,0.404758300781,9.85550537109,2.34758709552,3.41826915987,-3.41826915987,-2.34758709552l,
-3.10155029297,1.56873779297,11.2039013672,7.68518371538,15.331144663,-15.331144663,-7.68518371538l,
1.05141357422,-0.955612792969,10.8015380859,-5.03213795206,-5.53811736483,5.53811736483,5.03213795206l,
-1.27415039063,0.850231933594,11.2110864258,4.30928815355,6.46548908663,-6.46548908663,-4.30928815355l,
0.792751464844,-0.754431152344,10.499765625,-4.09814012349,-4.30668298188,4.30668298188,4.09814012349l,
0.613125,-1.81063476563,8.46399902344,-12.0441916274,-4.05186229117,4.05186229117,12.0441916274l,
-1.7244140625,-2.74469238281,11.306887207,-13.4941323024,8.43021368696,-8.43021368696,13.4941323024l,
-2.41178466797,-2.49800537109,11.7284106445,-11.78415535,11.3718875302,-11.3718875302,11.78415535l,
1.08733886719,-4.78524902344,9.47709228516,-26.6400392544,-5.84772833015,5.84772833015,26.6400392544l,
1.76512939453,-1.36995117188,10.7296875,-7.18058738629,-9.26807566916,9.26807566916,7.18058738629l,
-1.06099365234,0.304167480469,10.1309326172,1.710362859,5.97601217153,-5.97601217153,-1.710362859l,
-2.79498779297,1.66693359375,8.71068603516,10.3269129123,17.4922535972,-17.4922535972,-10.3269129123l,
0.996328125,-1.11607910156,11.6326098633,-5.46054031434,-4.87314262365,4.87314262365,5.46054031434l,
0.783171386719,-1.58550292969,10.3967797852,-8.64664367795,-4.25880327674,4.25880327674,8.64664367795l,
-1.96631103516,1.95673095703,10.7105273437,10.1867279571,10.2371380035,-10.2371380035,-10.1867279571l,
1.95194091797,-1.04183349609,7.93948974609,-7.26190165122,-13.6993905817,13.6993905817,7.26190165122l,
0.4981640625,-0.280217285156,10.1285375977,-1.58283499834,-2.81470298419,2.81470298419,1.58283499834l,
-2.46926513672,-3.60689941406,9.10825927734,-20.917195587,14.1471444524,-14.1471444524,20.917195587l,
0.780776367187,-2.31837890625,8.37059326172,-15.4172609361,-5.13662448404,5.13662448404,15.4172609361l,
-2.40459960937,-2.72792724609,10.2722387695,-14.4976087642,12.7482762641,-12.7482762641,14.4976087642l,
2.17707275391,-1.25738525391,11.0027197266,-6.39649438643,-11.1217942043,11.1217942043,6.39649438643l,
0.028740234375,-2.22736816406,8.26760742188,-15.0779245109,-0.192316419204,0.192316419204,15.0779245109l,
1.87051025391,-0.225131835938,9.35015625,-1.35250553402,-11.3095614549,11.3095614549,1.35250553402l,
-2.39501953125,-1.16637451172,11.0458300781,-5.89184867028,12.1682059743,-12.1682059743,5.89184867028l,
-1.00351318359,0.754431152344,11.7140405273,3.67157736177,4.88636001042,-4.88636001042,-3.67157736177l,
-4.32540527344,-0.359252929688,10.2387084961,-1.85126030218,22.8892924482,-22.8892924482,1.85126030218l,
0.150886230469,0.380808105469,10.4542602539,2.08592335433,-0.826344016843,0.826344016843,-2.08592335433l,
-5.32173339844,-1.06578369141,9.18729492188,-5.73224686925,29.9157141598,-29.9157141598,5.73224686925l,
-0.129331054688,-2.50279541016,10.3416943359,-13.6035619121,0.696390432659,-0.696390432659,13.6035619121l,
1.19511474609,-0.177231445313,8.78493164063,-1.14520996344,-7.7454847769,7.7454847769,1.14520996344l,
-2.86204833984,-1.63100830078,9.26154052734,-9.55083295715,16.9271980228,-16.9271980228,9.55083295715l,
-1.06578369141,-1.5711328125,9.7716796875,-9.08113819795,6.14624499273,-6.14624499273,9.08113819795l,
0.227526855469,-1.37953125,11.1583959961,-7.04636062435,-1.15931195203,1.15931195203,7.04636062435l,
-0.634680175781,-2.99856445313,10.1117724609,-16.4866207171,3.44369738679,-3.44369738679,16.4866207171l,
-1.15918945312,-0.0694555664063,7.96822998047,-0.494207624971,8.27680927588,-8.27680927588,0.494207624971l,
-0.795146484375,-1.98068115234,10.0518969727,-11.1132233139,4.43792962585,-4.43792962585,11.1132233139l,
-1.23822509766,-2.529140625,9.20885009766,-15.2266144375,7.38771111611,-7.38771111611,15.2266144375l,
-2.23455322266,-0.443078613281,8.14306640625,-3.00366951083,15.3233138147,-15.3233138147,3.00366951083l,
2.32556396484,-3.39134765625,9.93693603516,-18.3820563775,-12.4887336784,12.4887336784,18.3820563775l,
0.47900390625,-2.42615478516,8.74661132813,-15.480987946,-3.02080890905,3.02080890905,15.480987946l,
-2.44531494141,2.60817626953,10.2027832031,13.9603772003,13.0726584566,-13.0726584566,-13.9603772003l,
0.534089355469,-2.05492675781,11.3739477539,-10.2300974675,-2.64570676661,2.64570676661,10.2300974675l,
-1.63100830078,-1.14242431641,10.4806054688,-6.14747071729,8.79423764179,-8.79423764179,6.14747071729l,
-1.55915771484,0.146096191406,8.66518066406,0.950659675717,10.1988731883,-10.1988731883,-0.950659675717l,
0.926872558594,-1.47533203125,9.25675048828,-9.01126791747,-5.64712767582,5.64712767582,9.01126791747l,
-2.77822265625,-0.546064453125,7.33115478516,-3.98431852497,20.7022918353,-20.7022918353,3.98431852497l,
0.82388671875,0.404758300781,9.1585546875,2.52035098019,-5.13540065927,5.13540065927,-2.52035098019l,
-0.270637207031,-0.261057128906,10.0686621094,-1.48467834527,1.53917483199,-1.53917483199,1.48467834527l,
-1.31726074219,0.189206542969,10.6985522461,1.00559237072,7.01813663494,-7.01813663494,-1.00559237072l,
-2.09324707031,0.3448828125,7.99697021484,2.38905671041,14.6553285535,-14.6553285535,-2.38905671041l,
-1.839375,0.481398925781,9.7716796875,2.77177929596,10.647730832,-10.647730832,-2.77177929596l,
-3.15184570313,-2.78301269531,8.87354736328,-16.4645476372,18.7224412809,-18.7224412809,16.4645476372l,
-1.15439941406,-0.874182128906,11.0458300781,-4.50062454182,5.94785752615,-5.94785752615,4.50062454182l,
-2.50519042969,-1.44898681641,9.38129150391,-8.4873806181,14.7839466003,-14.7839466003,8.4873806181l,
0.076640625,-1.77710449219,10.6482568359,-9.47461953446,-0.406752653031,0.406752653031,9.47461953446l,
0.349672851562,3.602109375,9.09388916016,21.5941392562,-2.04739975938,2.04739975938,-21.5941392562l,
1.23104003906,1.60705810547,11.2158764648,8.10605342602,-6.20080983305,6.20080983305,-8.10605342602l,
-0.47900390625,0.129331054688,11.8601367188,0.624258774937,2.31265170515,-2.31265170515,-0.624258774937l,
0.0407153320313,-3.74102050781,10.346484375,-19.8785348881,-0.212033875347,0.212033875347,19.8785348881l,
1.31247070313,-2.24652832031,13.2205078125,-9.59771435015,-5.58987052124,5.58987052124,9.59771435015l,
-1.10170898438,-0.146096191406,8.83043701172,-0.940559551761,7.11066454607,-7.11066454607,0.940559551761l,
1.5711328125,-3.59252929688,9.88424560547,-19.7457901616,-8.49667413471,8.49667413471,19.7457901616l,
0.742456054688,-2.60099121094,9.00766845703,-16.0546060859,-4.52778260148,4.52778260148,16.0546060859l,
1.18313964844,-1.04422851562,9.61600341797,-6.15159397236,-6.97374820993,6.97374820993,6.15159397236l,
1.24301513672,-0.385598144531,9.41003173828,-2.32633048903,-7.51866462305,7.51866462305,2.32633048903l,
-0.335302734375,-0.589174804688,10.8039331055,-3.11994050507,1.77498245071,-1.77498245071,3.11994050507l,
-1.45377685547,-2.70158203125,9.69024902344,-15.4139787247,8.22308883465,-8.22308883465,15.4139787247l,
2.38304443359,-1.22864501953,9.82197509766,-6.93112798731,-13.5362207715,13.5362207715,6.93112798731l,
0.771196289063,-0.565224609375,10.9715844727,-2.94186159674,-4.01541864783,4.01541864783,2.94186159674l,
0.229921875,-1.29331054688,9.76688964844,-7.54103500291,-1.33688253877,1.33688253877,7.54103500291l,
0.608334960938,0.682580566406,10.1644628906,3.83500965577,-3.4173425389,3.4173425389,-3.83500965577l,
3.19256103516,-1.88727539063,9.98962646484,-10.2015790059,-17.4339847835,17.4339847835,10.2015790059l,
-2.57704101563,-0.36404296875,8.97892822266,-2.23173311493,16.0015287921,-16.0015287921,2.23173311493l,
-4.14577880859,-4.5984375,10.0471069336,-22.9324539557,20.5662331388,-20.5662331388,22.9324539557l,
-2.57225097656,-2.48363525391,7.65208740234,-17.1006621644,17.7306765536,-17.7306765536,17.1006621644l,
-3.75299560547,0.490979003906,9.70222412109,2.70217445268,21.1227295553,-21.1227295553,-2.70217445268l,
1.61184814453,1.88009033203,10.1668579102,10.3505500091,-8.86087538774,8.86087538774,-10.3505500091l,
3.54223388672,-2.13875244141,7.27846435547,-14.8003436139,-25.0293648177,25.0293648177,14.8003436139l,
1.61663818359,-1.762734375,7.63292724609,-12.7308962548,-11.6602372859,11.6602372859,12.7308962548l,
0.0646655273438,-1.9543359375,12.3894360352,-8.96397483995,-0.295394915069,0.295394915069,8.96397483995l,
2.44291992188,-1.44419677734,10.193203125,-7.84485879326,-13.3489261004,13.3489261004,7.84485879326l,
-2.01900146484,0.656235351563,10.346484375,3.56216590329,11.0202745505,-11.0202745505,-3.56216590329l,
0.17244140625,0.799936523437,10.6865771484,4.2802982442,-0.921880792612,0.921880792612,-4.2802982442l,
-0.122145996094,-1.58310791016,11.5008837891,-7.83712977441,0.602807520648,-0.602807520648,7.83712977441l,
0.45984375,-2.58901611328,8.71787109375,-16.5185526579,-2.89467095879,2.89467095879,16.5185526579l,
-0.649050292969,-0.51732421875,11.2206665039,-2.635330133,3.30703348299,-3.30703348299,2.635330133l,
-0.883762207031,-5.0966015625,8.35143310547,-31.2526503429,5.16149636767,-5.16149636767,31.2526503429l,
1.16637451172,-2.96742919922,8.56458984375,-18.947733285,-7.33256742697,7.33256742697,18.947733285l,
1.28852050781,0.462238769531,7.893984375,3.3075021466,-9.25495041948,9.25495041948,-3.3075021466l,
1.38432128906,-0.285007324219,9.03880371094,-1.7852233585,-8.70311114218,8.70311114218,1.7852233585l,
0.855021972656,0.457448730469,11.6206347656,2.24822530992,-4.20487554309,4.20487554309,-2.24822530992l,
-0.855021972656,0.519719238281,9.59205322266,3.08915836781,5.08638006243,-5.08638006243,-3.08915836781l,
0.591569824219,1.98547119141,9.41482177734,11.8857186566,-3.51820773128,3.51820773128,-11.8857186566l,
-1.65016845703,-2.09324707031,9.16094970703,-12.6737053084,9.95986553735,-9.95986553735,12.6737053084l,
-1.25020019531,0.9580078125,11.3643676758,4.78983801144,6.25588293395,-6.25588293395,-4.78983801144l,
0.174836425781,-0.665815429688,6.86652099609,-5.53661424551,-1.45175289278,1.45175289278,5.53661424551l,
0.21076171875,-3.13508056641,10.7272924805,-16.28816972,-1.08037748404,1.08037748404,16.28816972l,
-0.713715820313,-2.64889160156,10.0878222656,-14.6776584342,3.91467164494,-3.91467164494,14.6776584342l,
-1.61903320313,-0.294587402344,9.34297119141,-1.77945656811,9.82630436854,-9.82630436854,1.77945656811l,
1.78189453125,-0.0047900390625,9.39805664063,-0.0286915748537,-10.7359796263,10.7359796263,0.0286915748537l,
0.447868652344,-2.95305908203,9.64953369141,-16.9985063876,-2.54121767155,2.54121767155,16.9985063876l,
0.289797363281,0.136516113281,9.86748046875,0.792292186889,-1.68207142589,1.68207142589,-0.792292186889l,
-0.229921875,-1.27654541016,10.003996582,-7.26994680227,1.30601121431,-1.30601121431,7.26994680227l,
-1.302890625,-0.471818847656,10.1141674805,-2.64901469399,7.33243814122,-7.33243814122,2.64901469399l,
1.62382324219,-2.19623291016,9.30704589844,-13.0867568025,-9.63739043707,9.63739043707,13.0867568025l,
-0.263452148438,-2.36627929688,10.0638720703,-13.2270275117,1.45975694313,-1.45975694313,13.2270275117l,
-2.31358886719,-2.76864257813,8.53824462891,-17.3789320088,14.4536815709,-14.4536815709,17.3789320088l,
-0.414338378906,-1.56873779297,10.6099365234,-8.40424821463,2.21234641611,-2.21234641611,8.40424821463l,
1.72680908203,-0.409548339844,8.37777832031,-2.74114874156,-11.6330614798,11.6330614798,2.74114874156l,
-1.49688720703,-0.198786621094,9.60402832031,-1.17161204732,8.85699761094,-8.85699761094,1.17161204732l,
-0.934057617188,-0.605939941406,9.23280029297,-3.73586806663,5.76448828594,-5.76448828594,3.73586806663l,
0.067060546875,-0.749641113281,12.1140087891,-3.54101741355,-0.316568328639,0.316568328639,3.54101741355l,
-1.12805419922,0.8813671875,10.1045874023,4.95435407794,6.34610321084,-6.34610321084,-4.95435407794l,
2.60817626953,0.378413085938,9.1585546875,2.27562392431,-15.8830435568,15.8830435568,-2.27562392431l,
1.5328125,-1.86332519531,7.94906982422,-12.9618972391,-10.6329522843,10.6329522843,12.9618972391l,
1.78668457031,-3.7170703125,8.47118408203,-23.2359900128,-10.9314008675,10.9314008675,23.2359900128l,
2.27766357422,-0.8047265625,8.97892822266,-4.96496092373,-14.1793234535,14.1793234535,4.96496092373l,
0.474213867188,-1.97110107422,8.32029785156,-13.3069932398,-3.17435948087,3.17435948087,13.3069932398l,
-1.25259521484,-3.38895263672,12.604987793,-14.9781410289,5.48160847608,-5.48160847608,14.9781410289l,
-0.3065625,-0.450263671875,9.27830566406,-2.77679442856,1.89018627551,-1.89018627551,2.77679442856l,
0.505349121094,-0.261057128906,12.1595141602,-1.22885496413,-2.3792940384,2.3792940384,1.22885496413l,
-2.48124023437,-1.35797607422,10.2746337891,-7.32095457304,13.4637573796,-13.4637573796,7.32095457304l,
1.8776953125,0.768801269531,8.36819824219,5.12246246344,-12.5954804019,12.5954804019,-5.12246246344l,
3.23327636719,0.28740234375,9.50583251953,1.63957749526,-18.7770419617,18.7770419617,-1.63957749526l,
0.502954101562,2.1842578125,9.74054443359,12.6228674029,-2.88434375096,2.88434375096,-12.6228674029l,
1.23822509766,-2.85246826172,9.19447998047,-17.0906468966,-7.32930645353,7.32930645353,17.0906468966l,
1.22145996094,0.232316894531,11.2350366211,1.17764986605,-6.20344426706,6.20344426706,-1.17764986605l,
-2.76864257813,-2.61057128906,10.8805737305,-13.0898174219,13.8978471789,-13.8978471789,13.0898174219l,
1.46335693359,-1.42503662109,9.76209960938,-8.21466582835,-8.43715345825,8.43715345825,8.21466582835l,
-1.22864501953,0.474213867188,8.06403076172,3.32715428441,8.64831250602,-8.64831250602,-3.32715428441l,
0.526904296875,-0.948427734375,10.5069506836,-5.15148342338,-2.85926750023,2.85926750023,5.15148342338l,
-0.450263671875,-1.46096191406,8.98850830078,-9.22056884453,2.83065026731,-2.83065026731,9.22056884453l,
0.591569824219,0.285007324219,8.15983154297,1.99518671774,-4.14404513137,4.14404513137,-1.99518671774l,
0.953217773438,-0.601149902344,7.24972412109,-4.69987598409,-7.46514162332,7.46514162332,4.69987598409l,
-0.826281738281,-1.65974853516,9.46032714844,-9.91388396479,4.91692554729,-4.91692554729,9.91388396479l,
2.35909423828,-3.10634033203,10.7560327148,-15.7534671842,-11.8990692,11.8990692,15.7534671842l,
-0.273032226563,-3.64761474609,9.79562988281,-20.416629074,1.49626418145,-1.49626418145,20.416629074l,
0.912502441406,-1.77710449219,11.7451757813,-8.57841604218,-4.39268366714,4.39268366714,8.57841604218l,
-2.24173828125,-0.874182128906,11.7379907227,-4.18387518975,10.7830703728,-10.7830703728,4.18387518975l,
0.704135742188,0.883762207031,8.78972167969,5.72329337418,-4.55724644705,4.55724644705,-5.72329337418l,
0.531694335938,-0.960402832031,12.8876000977,-4.25827856904,-2.35594514333,2.35594514333,4.25827856904l,
-1.48251708984,-1.25499023438,9.06275390625,-7.78191299862,9.20405371097,-9.20405371097,7.78191299862l,
2.67284179688,0.926872558594,9.79323486328,5.21690502393,-15.2010220336,15.2010220336,-5.21690502393l,
-4.76369384766,-2.16749267578,10.8566235352,-10.3605053453,23.2817548381,-23.2817548381,10.3605053453l,
-2.46208007813,-0.627495117188,8.65081054688,-3.99080033458,15.8471808302,-15.8471808302,3.99080033458l,
-2.71834716797,-3.10873535156,10.0423168945,-16.6366594734,14.4981272089,-14.4981272089,16.6366594734l,
-0.117355957031,-0.742456054688,8.83043701172,-4.80565680388,0.75873567844,-0.75873567844,4.80565680388l,
-0.0455053710938,-3.34823730469,9.55852294922,-19.3045502788,0.257430130148,-0.257430130148,19.3045502788l,
-0.759221191406,-3.86556152344,8.70350097656,-23.8673999509,4.55811557596,-4.55811557596,23.8673999509l,
-3.22609130859,1.92320068359,9.58247314453,10.7695549379,18.2672048495,-18.2672048495,-10.7695549379l,
0.936452636719,2.375859375,12.2840551758,10.9155131624,-4.28038673775,4.28038673775,-10.9155131624l,
-0.112565917969,1.56873779297,9.84113525391,9.05651720055,0.647167999986,-0.647167999986,-9.05651720055l,
-1.15439941406,-0.931662597656,9.51541259766,-5.55160846856,6.88465348859,-6.88465348859,5.55160846856l,
-2.1076171875,-1.40348144531,12.8540698242,-6.14972380378,9.25758655823,-9.25758655823,6.14972380378l,
-0.428708496094,-0.969982910156,11.460168457,-4.83458970388,2.13472843831,-2.13472843831,4.83458970388l,
-0.392783203125,0.292192382813,7.89158935547,2.11783402228,2.84744815898,-2.84744815898,-2.11783402228l,
-4.64873291016,-0.562829589844,10.4542602539,-2.81628109365,23.9426809299,-23.9426809299,2.81628109365l,
-2.15312255859,-0.165256347656,11.6038696289,-0.802230359204,10.5107600854,-10.5107600854,0.802230359204l,
-1.14481933594,-1.39390136719,12.1235888672,-6.52994803061,5.35929338958,-5.35929338958,6.52994803061l,
0.407153320313,0.730480957031,10.0734521484,4.14419774894,-2.30849170183,2.30849170183,-4.14419774894l,
-0.605939941406,-1.71962402344,8.43046875,-11.5000072101,4.02839599899,-4.02839599899,11.5000072101l,
0.32572265625,-1.83218994141,11.153605957,-9.32469286925,-1.65064331459,1.65064331459,9.32469286925l,
0.706530761719,-2.86923339844,8.57416992188,-18.443878478,-4.46818476797,4.46818476797,18.443878478l,
0.864602050781,-2.96263916016,11.0673852539,-14.9427125798,-4.31562076387,4.31562076387,14.9427125798l,
-2.70637207031,-3.51349365234,8.44483886719,-21.6136348631,16.4829026391,-16.4829026391,21.6136348631l,
4.41162597656,-1.82979492188,9.75012451172,-9.70266304918,-23.974967084,23.974967084,9.70266304918l,
0.538879394531,-0.258662109375,9.99920654297,-1.47966561843,-3.08378271226,3.08378271226,1.47966561843l,
4.58646240234,1.32923583984,8.61488525391,7.75575216232,-27.7516296597,27.7516296597,-7.75575216232l,
1.93757080078,-4.70381835938,10.5117407227,-23.7528066604,-9.55043080258,9.55043080258,23.7528066604l,
1.48730712891,-1.56873779297,12.073293457,-7.34828969125,-6.96490908406,6.96490908406,7.34828969125l,
-0.888552246094,-1.5711328125,10.0471069336,-8.85373578302,4.99363532606,-4.99363532606,8.85373578302l,
-0.701740722656,-2.14354248047,8.63883544922,-13.8913102703,4.5078849836,-4.5078849836,13.8913102703l,
-1.456171875,-1.02267333984,10.5548510742,-5.48257827595,7.81891316144,-7.81891316144,5.48257827595l,
0.445473632813,-1.57592285156,8.86396728516,-10.0688178923,-2.83272769017,2.83272769017,10.0688178923l,
0.488583984375,1.65735351563,9.92975097656,9.46452517246,-2.77853746916,2.77853746916,-9.46452517246l,
1.35797607422,1.08733886719,8.96216308594,6.84030248966,-8.55431065083,8.55431065083,-6.84030248966l,
-0.246687011719,-3.36021240234,8.29634765625,-22.0402765549,1.5786556631,-1.5786556631,22.0402765549l,
0.821491699219,-2.15791259766,9.41482177734,-12.8621924046,-4.86129172784,4.86129172784,12.8621924046l,
-0.883762207031,-0.819096679687,12.1523291016,-3.84591716205,4.15005472376,-4.15005472376,3.84591716205l,
-1.23822509766,-3.40332275391,9.48667236328,-19.5820213822,7.0040334691,-7.0040334691,19.5820213822l,
-0.239501953125,-0.0981958007813,9.24238037109,-0.608512654705,1.48431532788,-1.48431532788,0.608512654705l,
-1.03704345703,-2.15551757812,8.3155078125,-14.425133583,6.88355377406,-6.88355377406,14.425133583l,
0.677790527344,-2.11001220703,9.56091796875,-12.4150096165,-3.96004042678,3.96004042678,12.4150096165l,
-0.500559082031,-2.58422607422,6.94076660156,-20.3730455091,3.86651713283,-3.86651713283,20.3730455091l,
1.07536376953,-2.72313720703,8.353828125,-17.9163869205,-6.97765505457,6.97765505457,17.9163869205l,
-2.81654296875,-1.75075927734,7.99697021484,-11.6672896867,18.9859138182,-18.9859138182,11.6672896867l,
0.138911132813,-1.82739990234,10.0279467773,-10.3267553749,-0.780776789213,0.780776789213,10.3267553749l,
-1.22864501953,-1.15439941406,8.70589599609,-7.48006929262,7.96417879957,-7.96417879957,7.48006929262l,
1.22625,-0.251477050781,11.8266064453,-1.21164130311,-5.91827200072,5.91827200072,1.21164130311l,
0.141306152344,-0.239501953125,10.1381176758,-1.35316708794,-0.798320196232,0.798320196232,1.35316708794l,
1.57592285156,0.890947265625,9.17052978516,5.46938489002,-9.70601173174,9.70601173174,-5.46938489002l,
1.88488037109,-4.58885742188,10.4303100586,-23.409795228,-9.39231084871,9.39231084871,23.409795228l,
2.12917236328,-1.02746337891,8.88073242188,-6.41920832742,-13.3961836797,13.3961836797,6.41920832742l,
0.981958007813,-1.149609375,10.7464526367,-6.08089295736,-5.1914511222,5.1914511222,6.08089295736l,
0.869392089844,-2.35909423828,11.6517700195,-11.4148631178,-4.1826366342,4.1826366342,11.4148631178l,
-0.507744140625,-0.864602050781,10.7632177734,-4.58758994595,2.69220999843,-2.69220999843,4.58758994595l,
-0.855021972656,-3.06083496094,11.49609375,-14.8698825378,4.11084650039,-4.11084650039,14.8698825378l,
-0.6514453125,-0.150886230469,10.9715844727,-0.786522967258,3.39766604015,-3.39766604015,0.786522967258l,
-0.349672851562,-1.8010546875,8.98611328125,-11.3250748154,2.18499141691,-2.18499141691,11.3250748154l,
0.718505859375,-1.30049560547,8.75619140625,-8.42009033343,-4.6403282251,4.6403282251,8.42009033343l,
-1.23583007813,0.608334960938,11.4290332031,3.02919194572,6.16280155058,-6.16280155058,-3.02919194572l,
0.51732421875,0.067060546875,9.78844482422,0.3919796904,-3.02522519023,3.02522519023,-0.3919796904l,
-1.12805419922,0.797541503906,10.4015698242,4.3591206198,6.17158396117,-6.17158396117,-4.3591206198l,
-5.89174804688,-2.74229736328,9.2351953125,-14.0542941758,31.4488742086,-31.4488742086,14.0542941758l,
-1.65016845703,-2.32316894531,11.0697802734,-11.7264880329,8.30040743657,-8.30040743657,11.7264880329l,
-1.16158447266,-0.28740234375,11.2709619141,-1.45299663433,5.88222624788,-5.88222624788,1.45299663433l,
