0.0,0.0,0,0
0.0,0.0,0,0.00865912437439
0.0,0.0,0,0.0169529914856
0.0,0.0,0,0.0288081169128
0.0,0.0,0,0.0368230342865
0.0,0.0,0,0.0444860458374
0.0,0.0,0,0.0522661209106
0.0,0.0,0,0.0619781017303
0.0,0.0,0,0.0762419700623
0.0,0.0,0,0.0857560634613
0.0,0.0,0,0.0932450294495
0.0,0.0,0,0.104650020599
0.0,0.0,0,0.116346120834
0.0,0.0,0,0.123116970062
0.0,0.0,0,0.131550073624
0.0,0.0,0,0.138716936111
0.0,0.0,0,0.145575046539
0.0,0.0,0,0.15278506279
0.0,0.0,0,0.163354158401
0.0,0.0,0,0.172137975693
0.0,0.0,0,0.179672002792
0.0,0.0,0,0.18700003624
0.0,0.0,0,0.194514036179
0.0,0.0,0,0.201907157898
0.0,0.0,0,0.209030151367
0.0,0.0,0,0.215072154999
0.0,0.0,0,0.221481084824
0.0,0.0,0,0.227702140808
0.0,0.0,0,0.235865116119
0.0,0.0,0,0.246170043945
0.0,0.0,0,0.253590106964
0.0,0.0,0,0.261427164078
0.0,0.0,0,0.269011974335
0.0,0.0,0,0.276215076447
0.0,0.0,0,0.28354716301
0.0,0.0,0,0.290923118591
0.0,0.0,0,0.298053026199
0.0,0.0,0,0.305593013763
0.0,0.0,0,0.312410116196
0.0,0.0,0,0.319540023804
0.0,0.0,0,0.326506137848
0.0,0.0,0,0.331983089447
0.0,0.0,0,0.340908050537
0.0,0.0,0,0.347918987274
0.0,0.0,0,0.355262041092
0.0,0.0,0,0.362580060959
0.0,0.0,0,0.373568058014
0.0,0.0,0,0.388553142548
0.0,0.0,0,0.397252082825
0.0,0.0,0,0.405241012573
0.0,0.0,0,0.413766145706
0.0,0.0,0,0.420173168182
0.0,0.0,0,0.425806999207
0.0,0.0,0,0.454507112503
0.0,0.0,0,0.463922977448
0.0,0.0,0,0.472258090973
0.0,0.0,0,0.47970199585
0.0,0.0,0,0.486024141312
0.0,0.0,0,0.49560213089
0.0,0.0,0,0.506189107895
0.0,0.0,0,0.514747142792
0.0,0.0,0,0.523106098175
0.0,0.0,0,0.531286001205
0.0,0.0,0,0.539565086365
0.0,0.0,0,0.54815196991
0.0,0.0,0,0.558413982391
0.0,0.0,0,0.566241025925
0.0,0.0,0,0.574402093887
0.0,0.0,0,0.582281112671
0.0,0.0,0,0.593935012817
0.0,0.0,0,0.60299706459
0.0,0.0,0,0.611483097076
0.0,0.0,0,0.620296001434
0.0,0.0,0,0.628597021103
0.0,0.0,0,0.637194156647
0.0,0.0,0,0.645350933075
0.0,0.0,0,0.653869152069
0.0,0.0,0,0.660195112228
0.0,0.0,0,0.666505098343
0.0,0.0,0,0.672618150711
0.0,0.0,0,0.678820133209
0.0,0.0,0,0.684905052185
0.0,0.0,0,0.691182136536
0.0,0.0,0,0.698640108109
0.0,0.0,0,0.704327106476
0.0,0.0,0,0.717559099197
0.0,0.0,0,0.723938941956
0.0,0.0,0,0.730195045471
0.0,0.0,0,0.736320972443
0.0,0.0,0,0.750081062317
0.0,0.0,0,0.762418031693
0.0,0.0,0,0.773049116135
0.0,0.0,0,0.780409097672
0.0,0.0,0,0.791589021683
0.0,0.0,0,0.806255102158
0.0,0.0,0,0.815973997116
0.0,0.0,0,0.827276945114
0.0,0.0,0,0.835453987122
0.0,0.0,0,0.841617107391
0.0,0.0,0,0.850008010864
0.0,0.0,0,0.860475063324
0.0,0.0,0,0.866749048233
0.0,0.0,0,0.876492023468
0.0,0.0,0,0.884859085083
0.0,0.0,0,0.893135070801
0.0,0.0,0,0.901256084442
0.0,0.0,0,0.910156965256
0.0,0.0,0,0.918915987015
0.0,0.0,0,0.928377151489
0.0,0.0,0,0.937484025955
0.0,0.0,0,0.946337938309
0.0,0.0,0,0.955104112625
0.0,0.0,0,0.963950157166
0.0,0.0,0,0.972699165344
0.0,0.0,0,0.980802059174
0.0,0.0,0,0.989498138428
0.0,0.0,0,0.998751163483
0.0,0.0,0,1.00711297989
0.0,0.0,0,1.01520800591
0.0,0.0,0,1.02719902992
0.0,0.0,0,1.03684997559
0.0,0.0,0,1.0458381176
0.0,0.0,0,1.05376410484
0.0,0.0,0,1.06161093712
0.0,0.0,0,1.06975507736
0.0,0.0,0,1.07772707939
0.0,0.0,0,1.08719396591
0.0,0.0,0,1.09599399567
0.0,0.0,0,1.10498595238
0.0,0.0,0,1.1136610508
0.0,0.0,0,1.12259602547
0.0,0.0,0,1.13126993179
0.0,0.0,0,1.14042496681
0.0,0.0,0,1.15005016327
0.0,0.0,0,1.15895915031
0.0,0.0,0,1.16936612129
0.0,0.0,0,1.17785811424
0.0,0.0,0,1.18601703644
0.0,0.0,0,1.19527816772
0.0,0.0,0,1.20463109016
0.0,0.0,0,1.21336197853
0.0,0.0,0,1.22202396393
0.0,0.0,0,1.23479700089
0.0,0.0,0,1.24723696709
0.0,0.0,0,1.25853514671
0.0,0.0,0,1.26664400101
0.0,0.0,0,1.27517294884
0.0,0.0,0,1.28349900246
0.0,0.0,0,1.29199194908
0.0,0.0,0,1.30063199997
0.0,0.0,0,1.30952215195
0.0,0.0,0,1.31766915321
0.0,0.0,0,1.32809305191
0.0,0.0,0,1.3360991478
0.0,0.0,0,1.34480810165
0.0,0.0,0,1.35256314278
0.0,0.0,0,1.35998296738
0.0,0.0,0,1.36761498451
0.0,0.0,0,1.37585902214
0.0,0.0,0,1.383466959
0.0,0.0,0,1.39080309868
0.0,0.0,0,1.3983540535
0.0,0.0,0,1.41623616219
0.0,0.0,0,1.42490315437
0.0,0.0,0,1.43392705917
0.0,0.0,0,1.44552612305
0.0,0.0,0,1.46155714989
0.0,0.0,0,1.46809411049
0.0,0.0,0,1.47671198845
0.0,0.0,0,1.48638010025
0.0,0.0,0,1.49456214905
0.0,0.0,0,1.51257014275
0.0,0.0,0,1.52213311195
0.0,0.0,0,1.53066897392
0.0,0.0,0,1.53700613976
0.0,0.0,0,1.54343509674
0.0,0.0,0,1.55381703377
0.0,0.0,0,1.56398415565
0.0,0.0,0,1.57460904121
0.0,0.0,0,1.5830950737
0.0,0.0,0,1.59165406227
0.0,0.0,0,1.59991002083
0.0,0.0,0,1.60655403137
0.0,0.0,0,1.61706805229
0.0,0.0,0,1.62667608261
0.0,0.0,0,1.63576197624
0.0,0.0,0,1.64488101006
0.0,0.0,0,1.65333604813
0.0,0.0,0,1.66284203529
0.0,0.0,0,1.67210412025
0.0,0.0,0,1.68489313126
0.0,0.0,0,1.6952829361
0.0,0.0,0,1.70413899422
0.0,0.0,0,1.7128610611
0.0,0.0,0,1.72108197212
0.0,0.0,0,1.72931599617
0.0,0.0,0,1.73947501183
0.0,0.0,0,1.74690413475
0.0,0.0,0,1.75500011444
0.0,0.0,0,1.76329493523
0.0,0.0,0,1.77124905586
0.0,0.0,0,1.77972507477
0.0,0.0,0,1.78910303116
0.0,0.0,0,1.79811501503
0.0,0.0,0,1.80690908432
0.0,0.0,0,1.81600594521
0.0,0.0,0,1.82437801361
0.0,0.0,0,1.83330416679
0.0,0.0,0,1.84238600731
0.0,0.0,0,1.85130405426
0.0,0.0,0,1.86274695396
0.0,0.0,0,1.87104511261
0.0,0.0,0,1.87946605682
0.0,0.0,0,1.88763308525
0.0,0.0,0,1.89959907532
0.0,0.0,0,1.9055480957
0.0,0.0,0,1.91415095329
0.0,0.0,0,1.92518997192
0.0,0.0,0,1.93395614624
0.0,0.0,0,1.94236397743
0.0,0.0,0,1.9511089325
0.0,0.0,0,1.95982599258
0.0,0.0,0,1.96807599068
0.0,0.0,0,1.97640705109
0.0,0.0,0,1.98458409309
0.0,0.0,0,1.99316310883
0.0,0.0,0,2.00181007385
0.0,0.0,0,2.01001596451
0.0,0.0,0,2.01876616478
0.0,0.0,0,2.02728009224
0.0,0.0,0,2.03630113602
0.0,0.0,0,2.04466605186
0.0,0.0,0,2.05335998535
0.0,0.0,0,2.06138515472
0.0,0.0,0,2.06985211372
0.0,0.0,0,2.07747793198
0.0,0.0,0,2.08592915535
0.0,0.0,0,2.09486508369
0.0,0.0,0,2.10352706909
0.0,0.0,0,2.11149311066
0.0,0.0,0,2.12559008598
0.0,0.0,0,2.1330370903
0.0,0.0,0,2.13934493065
0.0,0.0,0,2.14502501488
0.0,0.0,0,2.15413093567
0.0,0.0,0,2.16208100319
0.0,0.0,0,2.16962099075
0.0,0.0,0,2.17764401436
0.0,0.0,0,2.18519496918
0.0,0.0,0,2.19224405289
0.0,0.0,0,2.19823312759
0.0,0.0,0,2.2079911232
0.0,0.0,0,2.21635103226
0.0,0.0,0,2.22398304939
0.0,0.0,0,2.23187208176
0.0,0.0,0,2.23978114128
0.0,0.0,0,2.24787998199
0.0,0.0,0,2.25593900681
0.0,0.0,0,2.26448011398
0.0,0.0,0,2.27422213554
0.0,0.0,0,2.28264212608
0.0,0.0,0,2.29075813293
0.0,0.0,0,2.29843401909
0.0,0.0,0,2.30606198311
0.0,0.0,0,2.31362199783
0.0,0.0,0,2.32583403587
0.0,0.0,0,2.33437395096
0.0,0.0,0,2.34255313873
0.0,0.0,0,2.35033893585
0.0,0.0,0,2.35856604576
0.0,0.0,0,2.36640501022
0.0,0.0,0,2.37421703339
0.0,0.0,0,2.3820400238
0.0,0.0,0,2.38978815079
0.0,0.0,0,2.39720416069
0.0,0.0,0,2.40464997292
0.0,0.0,0,2.41245293617
0.0,0.0,0,2.42095994949
0.0,0.0,0,2.42891693115
0.0,0.0,0,2.43690299988
0.0,0.0,0,2.44542193413
0.0,0.0,0,2.45414209366
0.0,0.0,0,2.46284198761
0.0,0.0,0,2.4711060524
0.0,0.0,0,2.47875714302
0.0,0.0,0,2.486784935
0.0,0.0,0,2.49525594711
0.0,0.0,0,2.50278997421
0.0,0.0,0,2.51056694984
0.0,0.0,0,2.51770305634
0.0,0.0,0,2.52467894554
0.0,0.0,0,2.54133605957
0.0,0.0,0,2.55038499832
0.0,0.0,0,2.55635714531
0.0,0.0,0,2.56556010246
0.0,0.0,0,2.57371497154
0.0,0.0,0,2.58247709274
0.0,0.0,0,2.5912771225
0.0,0.0,0,2.59986495972
0.0,0.0,0,2.60849094391
0.0,0.0,0,2.6172349453
0.0,0.0,0,2.62559008598
0.0,0.0,0,2.63384103775
0.0,0.0,0,2.64256501198
0.0,0.0,0,2.65289998055
0.0,0.0,0,2.66174507141
0.0,0.0,0,2.66970801353
0.0,0.0,0,2.67777895927
0.0,0.0,0,2.68605804443
0.0,0.0,0,2.69394397736
0.0,0.0,0,2.70214796066
0.0,0.0,0,2.71072006226
0.0,0.0,0,2.71929907799
0.0,0.0,0,2.72756695747
0.0,0.0,0,2.73613715172
0.0,0.0,0,2.74473404884
0.0,0.0,0,2.75806593895
0.0,0.0,0,2.76719999313
0.0,0.0,0,2.77543497086
0.0,0.0,0,2.78426408768
0.0,0.0,0,2.79227614403
0.0,0.0,0,2.80041599274
0.0,0.0,0,2.80873608589
0.0,0.0,0,2.81725597382
0.0,0.0,0,2.82575011253
0.0,0.0,0,2.8340280056
0.0,0.0,0,2.84198212624
0.0,0.0,0,2.85009694099
0.0,0.0,0,2.85797810555
0.0,0.0,0,2.86621594429
0.0,0.0,0,2.87433505058
0.0,0.0,0,2.88230204582
0.0,0.0,0,2.89033293724
0.0,0.0,0,2.89874815941
0.0,0.0,0,2.90667796135
0.0,0.0,0,2.91497397423
0.0,0.0,0,2.92432999611
0.0,0.0,0,2.93212509155
0.0,0.0,0,2.94100904465
0.0,0.0,0,2.94925808907
0.0,0.0,0,2.96174502373
0.0,0.0,0,2.96807098389
0.0,0.0,0,2.9751970768
0.0,0.0,0,2.98808503151
0.0,0.0,0,2.99611902237
0.0,0.0,0,3.00568699837
0.0,0.0,0,3.01557016373
0.0,0.0,0,3.0248439312
0.0,0.0,0,3.03323793411
0.0,0.0,0,3.04248213768
0.0,0.0,0,3.0514831543
0.0,0.0,0,3.06119513512
0.0,0.0,0,3.07122516632
0.0,0.0,0,3.08067703247
0.0,0.0,0,3.09310793877
0.0,0.0,0,3.10722208023
0.0,0.0,0,3.11601305008
0.0,0.0,0,3.12472701073
0.0,0.0,0,3.13341712952
0.0,0.0,0,3.14222216606
0.0,0.0,0,3.15110301971
0.0,0.0,0,3.15859007835
0.0,0.0,0,3.1665160656
0.0,0.0,0,3.17428302765
0.0,0.0,0,3.18522596359
0.0,0.0,0,3.19218397141
0.0,0.0,0,3.20256996155
0.0,0.0,0,3.21064805984
0.0,0.0,0,3.21850013733
0.0,0.0,0,3.22713208199
0.0,0.0,0,3.23566508293
0.0,0.0,0,3.24302911758
0.0,0.0,0,3.25079798698
0.0,0.0,0,3.25820016861
0.0,0.0,0,3.26725101471
0.0,0.0,0,3.27594995499
0.0,0.0,0,3.28372311592
0.0,0.0,0,3.29164004326
0.0,0.0,0,3.30028009415
0.0,0.0,0,3.30901503563
0.0,0.0,0,3.31645393372
0.0,0.0,0,3.32413911819
0.0,0.0,0,3.33254003525
0.0,0.0,0,3.34022307396
0.0,0.0,0,3.3484351635
0.0,0.0,0,3.35661697388
0.0,0.0,0,3.36430811882
0.0,0.0,0,3.37221312523
0.0,0.0,0,3.38036108017
0.0,0.0,0,3.38791513443
0.0,0.0,0,3.40024709702
0.0,0.0,0,3.40686011314
0.0,0.0,0,3.41596412659
0.0,0.0,0,3.42397713661
0.0,0.0,0,3.43236899376
0.0,0.0,0,3.43977499008
0.0,0.0,0,3.44732713699
0.0,0.0,0,3.45535516739
0.0,0.0,0,3.46379899979
0.0,0.0,0,3.47193312645
0.0,0.0,0,3.48032307625
0.0,0.0,0,3.48838210106
0.0,0.0,0,3.49656915665
0.0,0.0,0,3.50533699989
0.0,0.0,0,3.51392602921
0.0,0.0,0,3.52183508873
0.0,0.0,0,3.52992510796
0.0,0.0,0,3.53776311874
0.0,0.0,0,3.54578495026
0.0,0.0,0,3.55430102348
0.0,0.0,0,3.56244301796
0.0,0.0,0,3.57089400291
0.0,0.0,0,3.57910203934
0.0,0.0,0,3.58747911453
0.0,0.0,0,3.59638309479
0.0,0.0,0,3.60532712936
0.0,0.0,0,3.61767196655
0.0,0.0,0,3.62674593925
0.0,0.0,0,3.63486504555
0.0,0.0,0,3.64294505119
0.0,0.0,0,3.65157413483
0.0,0.0,0,3.66070103645
0.0,0.0,0,3.66960716248
0.0,0.0,0,3.67816901207
0.0,0.0,0,3.68688607216
0.0,0.0,0,3.6967549324
0.0,0.0,0,3.70679998398
0.0,0.0,0,3.71748209
0.0,0.0,0,3.72576498985
0.0,0.0,0,3.7345430851
0.0,0.0,0,3.74383497238
0.0,0.0,0,3.75243806839
0.0,0.0,0,3.76162600517
0.0,0.0,0,3.77032613754
0.0,0.0,0,3.7790350914
0.0,0.0,0,3.7875649929
0.0,0.0,0,3.7965991497
0.0,0.0,0,3.80537009239
0.0,0.0,0,3.8143081665
0.0,0.0,0,3.82279205322
0.0,0.0,0,3.83470416069
0.0,0.0,0,3.84260702133
0.0,0.0,0,3.85330200195
0.0,0.0,0,3.86218905449
0.0,0.0,0,3.8701300621
0.0,0.0,0,3.87841415405
0.0,0.0,0,3.88666009903
0.0,0.0,0,3.8952050209
0.0,0.0,0,3.90325093269
0.0,0.0,0,3.911921978
0.0,0.0,0,3.92022013664
0.0,0.0,0,3.92802906036
0.0,0.0,0,3.93603205681
0.0,0.0,0,3.94403195381
0.0,0.0,0,3.95164203644
0.0,0.0,0,3.95886397362
0.0,0.0,0,3.96669912338
0.0,0.0,0,3.97458100319
0.0,0.0,0,3.98186898232
0.0,0.0,0,3.98949313164
0.0,0.0,0,3.99727606773
0.0,0.0,0,4.00515294075
0.0,0.0,0,4.01314306259
0.0,0.0,0,4.02137804031
0.0,0.0,0,4.0293109417
0.0,0.0,0,4.03681898117
0.0,0.0,0,4.04827594757
0.0,0.0,0,4.05857110023
0.0,0.0,0,4.06731295586
0.0,0.0,0,4.07502508163
0.0,0.0,0,4.08080816269
0.0,0.0,0,4.09057593346
0.0,0.0,0,4.09935116768
0.0,0.0,0,4.10725307465
0.0,0.0,0,4.11504912376
0.0,0.0,0,4.12310814857
0.0,0.0,0,4.1317961216
0.0,0.0,0,4.14262795448
0.0,0.0,0,4.15151500702
0.0,0.0,0,4.15989208221
0.0,0.0,0,4.16858696938
0.0,0.0,0,4.17691516876
0.0,0.0,0,4.18558597565
0.0,0.0,0,4.19316411018
0.0,0.0,0,4.2012219429
0.0,0.0,0,4.20928096771
0.0,0.0,0,4.21937298775
0.0,0.0,0,4.22786998749
0.0,0.0,0,4.23600697517
0.0,0.0,0,4.24408316612
0.0,0.0,0,4.25544595718
0.0,0.0,0,4.26266002655
0.0,0.0,0,4.27273201942
0.0,0.0,0,4.28965997696
0.0,0.0,0,4.29726815224
0.0,0.0,0,4.30468511581
0.0,0.0,0,4.3126540184
0.0,0.0,0,4.32054495811
0.0,0.0,0,4.32894301414
0.0,0.0,0,4.33741402626
0.0,0.0,0,4.34606814384
0.0,0.0,0,4.35403895378
0.0,0.0,0,4.36221194267
0.0,0.0,0,4.37079501152
0.0,0.0,0,4.37904500961
0.0,0.0,0,4.3876760006
0.0,0.0,0,4.39652204514
0.0,0.0,0,4.40480709076
0.0,0.0,0,4.41349315643
0.0,0.0,0,4.42160701752
0.0,0.0,0,4.42943811417
0.0,0.0,0,4.43783307076
0.0,0.0,0,4.44652104378
0.0,0.0,0,4.45457315445
0.0,0.0,0,4.4682469368
0.0,0.0,0,4.47486495972
0.0,0.0,0,4.48211193085
0.0,0.0,0,4.49644398689
0.0,0.0,0,4.50767493248
0.0,0.0,0,4.51554512978
0.0,0.0,0,4.52439403534
0.0,0.0,0,4.53311800957
0.0,0.0,0,4.54217195511
0.0,0.0,0,4.55294895172
0.0,0.0,0,4.56083202362
0.0,0.0,0,4.56880116463
0.0,0.0,0,4.57715201378
0.0,0.0,0,4.58649516106
0.0,0.0,0,4.59571003914
0.0,0.0,0,4.60475516319
0.0,0.0,0,4.6138780117
0.0,0.0,0,4.62301111221
0.0,0.0,0,4.63392400742
0.0,0.0,0,4.64339399338
0.0,0.0,0,4.6527659893
0.0,0.0,0,4.66308808327
0.0,0.0,0,4.67369699478
0.0,0.0,0,4.68879294395
0.0,0.0,0,4.69901895523
0.0,0.0,0,4.70900416374
0.0,0.0,0,4.71742296219
0.0,0.0,0,4.72551202774
0.0,0.0,0,4.734167099
0.0,0.0,0,4.7456099987
0.0,0.0,0,4.75584411621
0.0,0.0,0,4.7635550499
0.0,0.0,0,4.77396512032
0.0,0.0,0,4.78541302681
0.0,0.0,0,4.79281711578
0.0,0.0,0,4.80074095726
0.0,0.0,0,4.80893802643
0.0,0.0,0,4.81642699242
0.0,0.0,0,4.82603406906
0.0,0.0,0,4.83385396004
0.0,0.0,0,4.84205698967
0.0,0.0,0,4.84944009781
0.0,0.0,0,4.8573551178
0.0,0.0,0,4.86492204666
0.0,0.0,0,4.87245893478
0.0,0.0,0,4.88164806366
0.0,0.0,0,4.88963699341
0.0,0.0,0,4.90057706833
0.0,0.0,0,4.90656900406
0.0,0.0,0,4.91371202469
0.0,0.0,0,4.92489814758
0.0,0.0,0,4.93308806419
0.0,0.0,0,4.94118595123
0.0,0.0,0,4.94929504395
0.0,0.0,0,4.95748496056
0.0,0.0,0,4.96577215195
0.0,0.0,0,4.97388505936
0.0,0.0,0,4.98179101944
0.0,0.0,0,4.9895131588
0.0,0.0,0,4.99704504013
0.0,0.0,0,5.00528407097
0.0,0.0,0,5.01406311989
0.0,0.0,0,5.02300000191
0.0,0.0,0,5.03252005577
0.0,0.0,0,5.04048800468
0.0,0.0,0,5.04816412926
0.0,0.0,0,5.05696511269
0.0,0.0,0,5.06521701813
0.0,0.0,0,5.07433199883
0.0,0.0,0,5.08298516273
0.0,0.0,0,5.09206700325
0.0,0.0,0,5.10101604462
0.0,0.0,0,5.11000204086
0.0,0.0,0,5.11933302879
0.0,0.0,0,5.13304495811
0.0,0.0,0,5.14134907722
0.0,0.0,0,5.14971613884
0.0,0.0,0,5.15837311745
0.0,0.0,0,5.16844415665
0.0,0.0,0,5.17763209343
0.0,0.0,0,5.18444299698
0.0,0.0,0,5.19400596619
0.0,0.0,0,5.20358705521
0.0,0.0,0,5.21289300919
0.0,0.0,0,5.222012043
0.0,0.0,0,5.23162293434
0.0,0.0,0,5.24100804329
0.0,0.0,0,5.24961996078
0.0,0.0,0,5.25857305527
0.0,0.0,0,5.26745700836
0.0,0.0,0,5.27636313438
0.0,0.0,0,5.2858941555
0.0,0.0,0,5.29704809189
0.0,0.0,0,5.30754899979
0.0,0.0,0,5.31628608704
0.0,0.0,0,5.3250579834
0.0,0.0,0,5.33639001846
0.0,0.0,0,5.34599900246
0.0,0.0,0,5.35457515717
0.0,0.0,0,5.36273193359
0.0,0.0,0,5.37136411667
0.0,0.0,0,5.38245105743
0.0,0.0,0,5.39144396782
0.0,0.0,0,5.39957308769
0.0,0.0,0,5.40972995758
0.0,0.0,0,5.41881513596
0.0,0.0,0,5.42756700516
0.0,0.0,0,5.43758702278
0.0,0.0,0,5.44619297981
0.0,0.0,0,5.45541501045
0.0,0.0,0,5.46401309967
0.0,0.0,0,5.47262215614
0.0,0.0,0,5.48117804527
0.0,0.0,0,5.4898250103
0.0,0.0,0,5.49842000008
0.0,0.0,0,5.50681900978
0.0,0.0,0,5.51516103745
0.0,0.0,0,5.5237660408
0.0,0.0,0,5.53260302544
0.0,0.0,0,5.54099702835
0.0,0.0,0,5.55336713791
0.0,0.0,0,5.56426310539
0.0,0.0,0,5.57352900505
0.0,0.0,0,5.58304405212
0.0,0.0,0,5.59215497971
0.0,0.0,0,5.60108399391
0.0,0.0,0,5.61007809639
0.0,0.0,0,5.61914205551
0.0,0.0,0,5.62885499001
0.0,0.0,0,5.63705897331
0.0,0.0,0,5.64633107185
0.0,0.0,0,5.65470194817
0.0,0.0,0,5.66330504417
0.0,0.0,0,5.67241001129
0.0,0.0,0,5.68144702911
0.0,0.0,0,5.69050312042
0.0,0.0,0,5.69899511337
0.0,0.0,0,5.70800709724
0.0,0.0,0,5.71635007858
0.0,0.0,0,5.72483205795
0.0,0.0,0,5.73327612877
0.0,0.0,0,5.7421810627
0.0,0.0,0,5.75657510757
0.0,0.0,0,5.76587295532
0.0,0.0,0,5.77539014816
0.0,0.0,0,5.78441309929
0.0,0.0,0,5.79297304153
0.0,0.0,0,5.80149102211
0.0,0.0,0,5.80977702141
0.0,0.0,0,5.81804800034
0.0,0.0,0,5.82843208313
0.0,0.0,0,5.83702206612
0.0,0.0,0,5.85249900818
0.0,0.0,0,5.86141395569
0.0,0.0,0,5.87016415596
0.0,0.0,0,5.87836813927
0.0,0.0,0,5.88736414909
0.0,0.0,0,5.89623308182
0.0,0.0,0,5.90431404114
0.0,0.0,0,5.91291713715
0.0,0.0,0,5.92101311684
0.0,0.0,0,5.93054699898
0.0,0.0,0,5.93805909157
0.0,0.0,0,5.94567799568
0.0,0.0,0,5.95312595367
0.0,0.0,0,5.95900893211
0.0,0.0,0,5.970662117
0.0,0.0,0,5.97706198692
0.0,0.0,0,5.98595499992
0.0,0.0,0,5.99830102921
0.0,0.0,0,6.00892114639
0.0,0.0,0,6.0174369812
0.0,0.0,0,6.02582812309
0.0,0.0,0,6.03421711922
0.0,0.0,0,6.0472509861
0.0,0.0,0,6.06314206123
0.0,0.0,0,6.07171797752
0.0,0.0,0,6.08164215088
0.0,0.0,0,6.09140014648
0.0,0.0,0,6.10368514061
0.0,0.0,0,6.11302113533
0.0,0.0,0,6.12755393982
0.0,0.0,0,6.14853215218
0.0,0.0,0,6.15768504143
0.0,0.0,0,6.17711997032
0.0,0.0,0,6.19325399399
0.0,0.0,0,6.20056009293
0.0,0.0,0,6.21939015388
0.0,0.0,0,6.23638510704
0.0,0.0,0,6.24447393417
0.0,0.0,0,6.25240802765
0.0,0.0,0,6.26076698303
0.0,0.0,0,6.27046203613
0.0,0.0,0,6.27626800537
0.0,0.0,0,6.28492712975
0.0,0.0,0,6.29211211205
0.0,0.0,0,6.29908204079
0.0,0.0,0,6.30623602867
0.0,0.0,0,6.31317305565
0.0,0.0,0,6.32024502754
0.0,0.0,0,6.32709908485
0.0,0.0,0,6.34429597855
0.0,0.0,0,6.35230898857
0.0,0.0,0,6.36141014099
0.0,0.0,0,6.36923098564
0.0,0.0,0,6.37723898888
0.0,0.0,0,6.38477802277
0.0,0.0,0,6.39533400536
0.0,0.0,0,6.40617609024
0.0,0.0,0,6.41417002678
0.0,0.0,0,6.42208504677
0.0,0.0,0,6.43114113808
0.0,0.0,0,6.43872094154
0.0,0.0,0,6.44675302505
0.0,0.0,0,6.45477795601
0.0,0.0,0,6.46476507187
0.0,0.0,0,6.47272896767
0.0,0.0,0,6.48093295097
0.0,0.0,0,6.48838400841
0.0,0.0,0,6.49581408501
0.0,0.0,0,6.50345897675
0.0,0.0,0,6.51084113121
0.0,0.0,0,6.51871204376
0.0,0.0,0,6.52741003036
0.0,0.0,0,6.53555297852
0.0,0.0,0,6.54346013069
0.0,0.0,0,6.55077815056
0.0,0.0,0,6.5566380024
0.0,0.0,0,6.56578803062
0.0,0.0,0,6.57303595543
0.0,0.0,0,6.58014202118
0.0,0.0,0,6.58706307411
0.0,0.0,0,6.59608316422
0.0,0.0,0,6.60386013985
0.0,0.0,0,6.61603593826
0.0,0.0,0,6.62394809723
0.0,0.0,0,6.63249015808
0.0,0.0,0,6.63984799385
0.0,0.0,0,6.64713597298
0.0,0.0,0,6.65484499931
0.0,0.0,0,6.66305112839
0.0,0.0,0,6.67143797874
0.0,0.0,0,6.67927598953
0.0,0.0,0,6.68731594086
0.0,0.0,0,6.6957449913
0.0,0.0,0,6.70355415344
0.0,0.0,0,6.71414613724
0.0,0.0,0,6.7322781086
0.0,0.0,0,6.73995804787
0.0,0.0,0,6.74854898453
0.0,0.0,0,6.7580871582
0.0,0.0,0,6.77746510506
0.0,0.0,0,6.78738808632
0.0,0.0,0,6.79581403732
0.0,0.0,0,6.80510997772
0.0,0.0,0,6.81280612946
0.0,0.0,0,6.82098293304
0.0,0.0,0,6.83250212669
0.0,0.0,0,6.84014511108
0.0,0.0,0,6.84686994553
0.0,0.0,0,6.85562205315
0.0,0.0,0,6.88435506821
0.0,0.0,0,6.89343810081
0.0,0.0,0,6.91982293129
0.0,0.0,0,6.92601013184
0.0,0.0,0,6.93431711197
0.0,0.0,0,6.94359397888
0.0,0.0,0,6.95166611671
0.0,0.0,0,6.95995402336
0.0,0.0,0,6.96897411346
0.0,0.0,0,6.97652506828
0.0,0.0,0,6.98464894295
0.0,0.0,0,7.00216913223
0.0,0.0,0,7.01077914238
0.0,0.0,0,7.018887043
0.0,0.0,0,7.02675008774
0.0,0.0,0,7.03480315208
0.0,0.0,0,7.04172611237
0.0,0.0,0,7.05211806297
0.0,0.0,0,7.06336808205
0.0,0.0,0,7.08145308495
0.0,0.0,0,7.08811712265
0.0,0.0,0,7.09412407875
0.0,0.0,0,7.11504411697
0.0,0.0,0,7.12279200554
0.0,0.0,0,7.13088202477
0.0,0.0,0,7.14185810089
0.0,0.0,0,7.14969801903
0.0,0.0,0,7.15567111969
0.0,0.0,0,7.1740000248
0.0,0.0,0,7.18270301819
0.0,0.0,0,7.19046998024
0.0,0.0,0,7.19746208191
0.0,0.0,0,7.20619010925
0.0,0.0,0,7.21407103539
0.0,0.0,0,7.22178697586
0.0,0.0,0,7.22957515717
0.0,0.0,0,7.23756694794
0.0,0.0,0,7.24947500229
0.0,0.0,0,7.25693106651
0.0,0.0,0,7.2641210556
0.0,0.0,0,7.27120399475
0.0,0.0,0,7.27802014351
0.0,0.0,0,7.28819799423
0.0,0.0,0,7.30116701126
0.0,0.0,0,7.30788803101
0.0,0.0,0,7.3159160614
0.0,0.0,0,7.32607913017
0.0,0.0,0,7.33418703079
0.0,0.0,0,7.34358310699
0.0,0.0,0,7.3535990715
0.0,0.0,0,7.36126303673
0.0,0.0,0,7.36894202232
0.0,0.0,0,7.3767490387
0.0,0.0,0,7.38448214531
0.0,0.0,0,7.39201211929
0.0,0.0,0,7.40337610245
0.0,0.0,0,7.41267204285
0.0,0.0,0,7.42149496078
0.0,0.0,0,7.42999315262
0.0,0.0,0,7.4384739399
0.0,0.0,0,7.4470281601
0.0,0.0,0,7.45798015594
0.0,0.0,0,7.46784996986
0.0,0.0,0,7.47768712044
0.0,0.0,0,7.49066996574
0.0,0.0,0,7.4983689785
0.0,0.0,0,7.50597596169
0.0,0.0,0,7.51277804375
0.0,0.0,0,7.52259707451
0.0,0.0,0,7.53888010979
0.0,0.0,0,7.54683709145
0.0,0.0,0,7.55568814278
0.0,0.0,0,7.56472015381
0.0,0.0,0,7.57153606415
0.0,0.0,0,7.57818603516
0.0,0.0,0,7.58505010605
0.0,0.0,0,7.5917699337
0.0,0.0,0,7.59848308563
0.0,0.0,0,7.60676193237
0.0,0.0,0,7.61419510841
0.0,0.0,0,7.62177801132
0.0,0.0,0,7.62936711311
0.0,0.0,0,7.63810300827
0.0,0.0,0,7.6468091011
0.0,0.0,0,7.65691304207
0.0,0.0,0,7.66673207283
0.0,0.0,0,7.67379403114
0.0,0.0,0,7.68062710762
0.0,0.0,0,7.6873421669
0.0,0.0,0,7.69449806213
0.0,0.0,0,7.70210003853
0.0,0.0,0,7.70904707909
0.0,0.0,0,7.71627902985
0.0,0.0,0,7.726541996
0.0,0.0,0,7.74086308479
0.0,0.0,0,7.74721193314
0.0,0.0,0,7.75396704674
0.0,0.0,0,7.7646150589
0.0,0.0,0,7.773458004
0.0,0.0,0,7.7804479599
0.0,0.0,0,7.78726911545
0.0,0.0,0,7.79400110245
0.0,0.0,0,7.80116796494
0.0,0.0,0,7.80867600441
0.0,0.0,0,7.81593298912
0.0,0.0,0,7.82272195816
0.0,0.0,0,7.82990694046
0.0,0.0,0,7.83789801598
0.0,0.0,0,7.84595799446
0.0,0.0,0,7.8536260128
0.0,0.0,0,7.86300706863
0.0,0.0,0,7.87276816368
0.0,0.0,0,7.88019609451
0.0,0.0,0,7.88786911964
0.0,0.0,0,7.89735507965
0.0,0.0,0,7.90541911125
0.0,0.0,0,7.91251015663
0.0,0.0,0,7.91969704628
0.0,0.0,0,7.92656111717
0.0,0.0,0,7.93366909027
0.0,0.0,0,7.94413805008
0.0,0.0,0,7.95726704597
0.0,0.0,0,7.96360397339
0.0,0.0,0,7.96878004074
0.0,0.0,0,7.9769589901
0.0,0.0,0,7.98371696472
0.0,0.0,0,7.99058794975
0.0,0.0,0,7.99872899055
0.0,0.0,0,8.00572896004
0.0,0.0,0,8.01285099983
0.0,0.0,0,8.01982402802
0.0,0.0,0,8.02812600136
0.0,0.0,0,8.03523516655
0.0,0.0,0,8.04272699356
0.0,0.0,0,8.05098295212
0.0,0.0,0,8.06003904343
0.0,0.0,0,8.06791615486
0.0,0.0,0,8.08493995667
0.0,0.0,0,8.09233093262
0.0,0.0,0,8.09971404076
0.0,0.0,0,8.10733509064
0.0,0.0,0,8.11450195312
0.0,0.0,0,8.12146806717
0.0,0.0,0,8.12952899933
0.0,0.0,0,8.13688111305
0.0,0.0,0,8.15479111671
0.0,0.0,0,8.16481804848
0.0,0.0,0,8.17216897011
0.0,0.0,0,8.17941498756
0.0,0.0,0,8.18509316444
0.0,0.0,0,8.1908390522
0.0,0.0,0,8.19635510445
0.0,0.0,0,8.22399115562
0.0,0.0,0,8.23155999184
0.0,0.0,0,8.24507498741
0.0,0.0,0,8.25264501572
0.0,0.0,0,8.25870394707
0.0,0.0,0,8.27162599564
0.0,0.0,0,8.27688002586
0.0,0.0,0,8.2840950489
0.0,0.0,0,8.29046201706
0.0,0.0,0,8.29696893692
0.0,0.0,0,8.30367612839
0.0,0.0,0,8.31074905396
0.0,0.0,0,8.31737303734
0.0,0.0,0,8.32391905785
0.0,0.0,0,8.33205413818
0.0,0.0,0,8.33892607689
0.0,0.0,0,8.34575295448
0.0,0.0,0,8.35630297661
0.0,0.0,0,8.37135100365
0.0,0.0,0,8.38108515739
0.0,0.0,0,8.38821411133
0.0,0.0,0,8.39586210251
0.0,0.0,0,8.41306209564
0.0,0.0,0,8.41961598396
0.0,0.0,0,8.42611002922
0.0,0.0,0,8.43311715126
0.0,0.0,0,8.44045209885
0.0,0.0,0,8.44697904587
0.0,0.0,0,8.45365810394
0.0,0.0,0,8.46189713478
0.0,0.0,0,8.46869802475
0.0,0.0,0,8.47558999062
0.0,0.0,0,8.48526716232
0.0,0.0,0,8.49163913727
0.0,0.0,0,8.50602316856
0.0,0.0,0,8.51333999634
0.0,0.0,0,8.52097296715
0.0,0.0,0,8.52941703796
0.0,0.0,0,8.53635501862
0.0,0.0,0,8.54265713692
0.0,0.0,0,8.54891395569
0.0,0.0,0,8.55535316467
0.0,0.0,0,8.56200408936
0.0,0.0,0,8.56864213943
0.0,0.0,0,8.57834196091
0.0,0.0,0,8.58980798721
0.0,0.0,0,8.60038399696
0.0,0.0,0,8.60730695724
0.0,0.0,0,8.61320710182
0.0,0.0,0,8.6186671257
0.0,0.0,0,8.62425112724
0.0,0.0,0,8.63381505013
0.0,0.0,0,8.64023709297
0.0,0.0,0,8.64767694473
0.0,0.0,0,8.65415000916
0.0,0.0,0,8.66098809242
0.0,0.0,0,8.66675806046
0.0,0.0,0,8.67304110527
0.0,0.0,0,8.68336009979
0.0,0.0,0,8.6913189888
0.0,0.0,0,8.69820594788
0.0,0.0,0,8.70606803894
0.0,0.0,0,8.71337413788
0.0,0.0,0,8.7210149765
0.0,0.0,0,8.72842907906
0.0,0.0,0,8.74892616272
0.0,0.0,0,8.7557990551
0.0,0.0,0,8.76332807541
0.0,0.0,0,8.77133607864
0.0,0.0,0,8.77959704399
0.0,0.0,0,8.79074001312
0.0,0.0,0,8.7971830368
0.0,0.0,0,8.80679512024
0.0,0.0,0,8.81440114975
0.0,0.0,0,8.82330393791
0.0,0.0,0,8.83071398735
0.0,0.0,0,8.83883309364
0.0,0.0,0,8.84569215775
0.0,0.0,0,8.85280704498
0.0,0.0,0,8.8600859642
0.0,0.0,0,8.86843299866
0.0,0.0,0,8.87533211708
0.0,0.0,0,8.88233804703
0.0,0.0,0,8.88954806328
0.0,0.0,0,8.89495110512
0.0,0.0,0,8.90032815933
0.0,0.0,0,8.90566015244
0.0,0.0,0,8.91467094421
0.0,0.0,0,8.92188215256
0.0,0.0,0,8.93014812469
0.0,0.0,0,8.9376449585
0.0,0.0,0,8.94492101669
0.0,0.0,0,8.95354294777
0.0,0.0,0,8.9597890377
0.0,0.0,0,8.96627902985
0.0,0.0,0,8.97278404236
0.0,0.0,0,8.97890305519
0.0,0.0,0,8.98553800583
0.0,0.0,0,8.99194812775
0.0,0.0,0,9.00160098076
0.0,0.0,0,9.00733804703
0.0,0.0,0,9.01258206367
0.0,0.0,0,9.021930933
0.0,0.0,0,9.02965807915
0.0,0.0,0,9.03656315804
0.0,0.0,0,9.04332995415
0.0,0.0,0,9.05286812782
0.0,0.0,0,9.05982112885
0.0,0.0,0,9.06647109985
0.0,0.0,0,9.0733101368
0.0,0.0,0,9.08042216301
0.0,0.0,0,9.08702111244
0.0,0.0,0,9.0936460495
0.0,0.0,0,9.10016107559
0.0,0.0,0,9.10736012459
0.0,0.0,0,9.11522698402
0.0,0.0,0,9.12223601341
0.0,0.0,0,9.12902498245
0.0,0.0,0,9.13827395439
0.0,0.0,0,9.14507508278
0.0,0.0,0,9.1513941288
0.0,0.0,0,9.15755105019
0.0,0.0,0,9.16665506363
0.0,0.0,0,9.17346715927
0.0,0.0,0,9.17982697487
0.0,0.0,0,9.18635106087
0.0,0.0,0,9.19257497787
0.0,0.0,0,9.19898915291
0.0,0.0,0,9.20543408394
0.0,0.0,0,9.2117331028
0.0,0.0,0,9.22160196304
0.0,0.0,0,9.22677206993
0.0,0.0,0,9.23208808899
0.0,0.0,0,9.24183607101
0.0,0.0,0,9.24889111519
0.0,0.0,0,9.25582909584
0.0,0.0,0,9.26286005974
0.0,0.0,0,9.27013111115
0.0,0.0,0,9.27827596664
0.0,0.0,0,9.29044699669
0.0,0.0,0,9.29674100876
0.0,0.0,0,9.30327796936
0.0,0.0,0,9.30999708176
0.0,0.0,0,9.3167181015
0.0,0.0,0,9.32358813286
0.0,0.0,0,9.3303539753
0.0,0.0,0,9.33718109131
0.0,0.0,0,9.34394216537
0.0,0.0,0,9.35072302818
0.0,0.0,0,9.35779213905
0.0,0.0,0,9.36554098129
0.0,0.0,0,9.37276911736
0.0,0.0,0,9.37983703613
0.0,0.0,0,9.38709712029
0.0,0.0,0,9.39434695244
0.0,0.0,0,9.40078306198
0.0,0.0,0,9.40728497505
0.0,0.0,0,9.41384196281
0.0,0.0,0,9.42092514038
0.0,0.0,0,9.43457102776
0.0,0.0,0,9.4436621666
0.0,0.0,0,9.44905400276
0.0,0.0,0,9.45749616623
0.0,0.0,0,9.46556997299
0.0,0.0,0,9.47249913216
0.0,0.0,0,9.47948598862
0.0,0.0,0,9.48614907265
0.0,0.0,0,9.49418115616
0.0,0.0,0,9.50127506256
0.0,0.0,0,9.50838494301
0.0,0.0,0,9.52336502075
0.0,0.0,0,9.53128600121
0.0,0.0,0,9.53848814964
0.0,0.0,0,9.54581999779
0.0,0.0,0,9.55467295647
0.0,0.0,0,9.56283712387
0.0,0.0,0,9.57249903679
0.0,0.0,0,9.58216500282
0.0,0.0,0,9.59146595001
0.0,0.0,0,9.60082793236
0.0,0.0,0,9.61091303825
0.0,0.0,0,9.61960196495
0.0,0.0,0,9.6338660717
0.0,0.0,0,9.6405351162
0.0,0.0,0,9.6467590332
0.0,0.0,0,9.65209102631
0.0,0.0,0,9.65765595436
0.0,0.0,0,9.67980599403
0.0,0.0,0,9.68865513802
0.0,0.0,0,9.69670915604
0.0,0.0,0,9.70420598984
0.0,0.0,0,9.71328401566
0.0,0.0,0,9.72029614449
0.0,0.0,0,9.72657513618
0.0,0.0,0,9.73283195496
0.0,0.0,0,9.73988103867
0.0,0.0,0,9.74684309959
0.0,0.0,0,9.75381612778
0.0,0.0,0,9.76177000999
0.0,0.0,0,9.76891493797
0.0,0.0,0,9.78473114967
0.0,0.0,0,9.79233908653
0.0,0.0,0,9.79972696304
0.0,0.0,0,9.80804014206
0.0,0.0,0,9.81537604332
0.0,0.0,0,9.82195901871
0.0,0.0,0,9.83660697937
0.0,0.0,0,9.84308004379
0.0,0.0,0,9.84954714775
0.0,0.0,0,9.85585594177
0.0,0.0,0,9.86222100258
0.0,0.0,0,9.86853194237
0.0,0.0,0,9.87479710579
0.0,0.0,0,9.88099002838
0.0,0.0,0,9.89003705978
0.0,0.0,0,9.89560103416
0.0,0.0,0,9.90103793144
0.0,0.0,0,9.91027712822
0.0,0.0,0,9.9178481102
0.0,0.0,0,9.92471814156
0.0,0.0,0,9.93174910545
0.0,0.0,0,9.93869614601
0.0,0.0,0,9.94777297974
0.0,0.0,0,9.95398402214
0.0,0.0,0,9.96084308624
0.0,0.0,0,9.97452902794
0.0,0.0,0,9.98093008995
0.0,0.0,0,9.98735809326
0.0,0.0,0,9.99258995056
0.0,0.0,0,9.998057127
0.0,0.0,0,10.0074329376
0.0,0.0,0,10.0143289566
0.0,0.0,0,10.0252959728
0.0,0.0,0,10.0325570107
0.0,0.0,0,10.039839983
0.0,0.0,0,10.0476119518
0.0,0.0,0,10.0544331074
0.0,0.0,0,10.0614459515
0.0,0.0,0,10.0682201385
0.0,0.0,0,10.0773611069
0.0,0.0,0,10.0836400986
0.0,0.0,0,10.0906541348
0.0,0.0,0,10.1038911343
0.0,0.0,0,10.112555027
0.0,0.0,0,10.1182210445
0.0,0.0,0,10.1237151623
0.0,0.0,0,10.1340999603
0.0,0.0,0,10.1413490772
0.0,0.0,0,10.1483180523
0.0,0.0,0,10.1552901268
0.0,0.0,0,10.162181139
0.0,0.0,0,10.1720740795
0.0,0.0,0,10.1787610054
0.0,0.0,0,10.186383009
0.0,0.0,0,10.2008080482
0.0,0.0,0,10.2077839375
0.0,0.0,0,10.2147049904
0.0,0.0,0,10.2218899727
0.0,0.0,0,10.2302441597
0.0,0.0,0,10.2374930382
0.0,0.0,0,10.244562149
0.0,0.0,0,10.2541470528
0.0,0.0,0,10.2604849339
0.0,0.0,0,10.2669939995
0.0,0.0,0,10.2809269428
0.0,0.0,0,10.2877161503
0.0,0.0,0,10.2939729691
0.0,0.0,0,10.3004410267
0.0,0.0,0,10.3069081306
0.0,0.0,0,10.3133621216
0.0,0.0,0,10.3197569847
0.0,0.0,0,10.3287689686
0.0,0.0,0,10.3345150948
0.0,0.0,0,10.339785099
0.0,0.0,0,10.3490641117
0.0,0.0,0,10.3566761017
0.0,0.0,0,10.363820076
0.0,0.0,0,10.3706481457
0.0,0.0,0,10.3777849674
0.0,0.0,0,10.3868730068
0.0,0.0,0,10.3928711414
0.0,0.0,0,10.4000570774
0.0,0.0,0,10.4139609337
0.0,0.0,0,10.4214150906
0.0,0.0,0,10.4282691479
0.0,0.0,0,10.4355261326
0.0,0.0,0,10.4432749748
0.0,0.0,0,10.450895071
0.0,0.0,0,10.4578080177
0.0,0.0,0,10.4661900997
0.0,0.0,0,10.4764680862
0.0,0.0,0,10.4856009483
0.0,0.0,0,10.4944911003
0.0,0.0,0,10.5037150383
0.0,0.0,0,10.5165131092
0.0,0.0,0,10.5252180099
0.0,0.0,0,10.5315799713
0.0,0.0,0,10.5387721062
0.0,0.0,0,10.5597290993
0.0,0.0,0,10.5772669315
0.0,0.0,0,10.5847320557
0.0,0.0,0,10.5921471119
0.0,0.0,0,10.602437973
0.0,0.0,0,10.610574007
0.0,0.0,0,10.6177051067
0.0,0.0,0,10.6250610352
0.0,0.0,0,10.6323039532
0.0,0.0,0,10.6389811039
0.0,0.0,0,10.6458370686
0.0,0.0,0,10.6532599926
0.0,0.0,0,10.6605410576
0.0,0.0,0,10.6676950455
0.0,0.0,0,10.6750280857
0.0,0.0,0,10.6839599609
0.0,0.0,0,10.690351963
0.0,0.0,0,10.6965930462
0.0,0.0,0,10.7030370235
0.0,0.0,0,10.7094409466
0.0,0.0,0,10.7157270908
0.0,0.0,0,10.7220110893
0.0,0.0,0,10.728372097
0.0,0.0,0,10.7353930473
0.0,0.0,0,10.7417140007
0.0,0.0,0,10.7484719753
0.0,0.0,0,10.7548489571
0.0,0.0,0,10.7611341476
0.0,0.0,0,10.767578125
0.0,0.0,0,10.7761690617
0.0,0.0,0,10.7815239429
0.0,0.0,0,10.7867641449
0.0,0.0,0,10.7964580059
0.0,0.0,0,10.8036999702
0.0,0.0,0,10.8108799458
0.0,0.0,0,10.8176529408
0.0,0.0,0,10.8246240616
0.0,0.0,0,10.8337609768
0.0,0.0,0,10.8404431343
0.0,0.0,0,10.8469679356
0.0,0.0,0,10.8535740376
0.0,0.0,0,10.8604519367
0.0,0.0,0,10.8670370579
0.0,0.0,0,10.8738660812
0.0,0.0,0,10.8807351589
0.0,0.0,0,10.8876259327
0.0,0.0,0,10.8957271576
0.0,0.0,0,10.9025850296
0.0,0.0,0,10.9097020626
0.0,0.0,0,10.9183809757
0.0,0.0,0,10.9281630516
0.0,0.0,0,10.9345920086
0.0,0.0,0,10.9409430027
0.0,0.0,0,10.9471049309
0.0,0.0,0,10.9534170628
0.0,0.0,0,10.9597821236
0.0,0.0,0,10.9661870003
0.0,0.0,0,10.9728190899
0.0,0.0,0,10.9792349339
0.0,0.0,0,10.9856410027
0.0,0.0,0,10.9923341274
0.0,0.0,0,11.001278162
0.0,0.0,0,11.0066130161
0.0,0.0,0,11.0161650181
0.0,0.0,0,11.0238730907
0.0,0.0,0,11.0309109688
0.0,0.0,0,11.0378279686
0.0,0.0,0,11.0448541641
0.0,0.0,0,11.0542111397
0.0,0.0,0,11.0604519844
0.0,0.0,0,11.0668871403
0.0,0.0,0,11.0732860565
0.0,0.0,0,11.079720974
0.0,0.0,0,11.0859680176
0.0,0.0,0,11.0922319889
0.0,0.0,0,11.0974121094
0.0,0.0,0,11.1027700901
0.0,0.0,0,11.1081080437
0.0,0.0,0,11.1182551384
0.0,0.0,0,11.1253559589
0.0,0.0,0,11.1324441433
0.0,0.0,0,11.1392791271
0.0,0.0,0,11.1460540295
0.0,0.0,0,11.1541659832
0.0,0.0,0,11.1611320972
0.0,0.0,0,11.1678569317
0.0,0.0,0,11.174683094
0.0,0.0,0,11.1830620766
0.0,0.0,0,11.1894910336
0.0,0.0,0,11.1957681179
0.0,0.0,0,11.2042119503
0.0,0.0,0,11.2098360062
0.0,0.0,0,11.2153611183
0.0,0.0,0,11.225110054
0.0,0.0,0,11.2324111462
0.0,0.0,0,11.2393829823
0.0,0.0,0,11.2463340759
0.0,0.0,0,11.2552521229
0.0,0.0,0,11.2621850967
0.0,0.0,0,11.2690091133
0.0,0.0,0,11.2757000923
0.0,0.0,0,11.282351017
0.0,0.0,0,11.2893600464
0.0,0.0,0,11.2966010571
0.0,0.0,0,11.3042240143
0.0,0.0,0,11.3131930828
0.0,0.0,0,11.3209459782
0.0,0.0,0,11.3288800716
0.0,0.0,0,11.3385131359
0.0,0.0,0,11.3481321335
0.0,0.0,0,11.357419014
0.0,0.0,0,11.3656871319
0.0,0.0,0,11.3759720325
0.0,0.0,0,11.3827309608
0.0,0.0,0,11.3885221481
0.0,0.0,0,11.3944489956
0.0,0.0,0,11.4009680748
0.0,0.0,0,11.4072620869
0.0,0.0,0,11.413793087
0.0,0.0,0,11.4243831635
0.0,0.0,0,11.4300761223
0.0,0.0,0,11.4380221367
0.0,0.0,0,11.4598960876
0.0,0.0,0,11.4677579403
0.0,0.0,0,11.4754109383
0.0,0.0,0,11.4847810268
0.0,0.0,0,11.4914400578
0.0,0.0,0,11.4982731342
0.0,0.0,0,11.5061421394
0.0,0.0,0,11.5131001472
0.0,0.0,0,11.5203430653
0.0,0.0,0,11.5273201466
0.0,0.0,0,11.5339870453
0.0,0.0,0,11.5410239697
0.0,0.0,0,11.547727108
0.0,0.0,0,11.554787159
0.0,0.0,0,11.5633311272
0.0,0.0,0,11.579982996
0.0,0.0,0,11.5870029926
0.0,0.0,0,11.5950491428
0.0,0.0,0,11.601359129
0.0,0.0,0,11.607640028
0.0,0.0,0,11.6138629913
0.0,0.0,0,11.620303154
0.0,0.0,0,11.6266241074
0.0,0.0,0,11.6328611374
0.0,0.0,0,11.6417729855
0.0,0.0,0,11.6470630169
0.0,0.0,0,11.6560320854
0.0,0.0,0,11.6632339954
0.0,0.0,0,11.6704571247
0.0,0.0,0,11.6771309376
0.0,0.0,0,11.6836340427
0.0,0.0,0,11.6935811043
0.0,0.0,0,11.7004401684
0.0,0.0,0,11.7070021629
0.0,0.0,0,11.7136740685
0.0,0.0,0,11.7203929424
0.0,0.0,0,11.7268309593
0.0,0.0,0,11.7351150513
0.0,0.0,0,11.743117094
0.0,0.0,0,11.7504329681
0.0,0.0,0,11.7589039803
0.0,0.0,0,11.7659320831
0.0,0.0,0,11.772315979
0.0,0.0,0,11.7785880566
0.0,0.0,0,11.787815094
0.0,0.0,0,11.7944641113
0.0,0.0,0,11.8007950783
0.0,0.0,0,11.8069939613
0.0,0.0,0,11.813254118
0.0,0.0,0,11.8198289871
0.0,0.0,0,11.8262720108
0.0,0.0,0,11.8327569962
0.0,0.0,0,11.8390431404
0.0,0.0,0,11.8454520702
0.0,0.0,0,11.851662159
0.0,0.0,0,11.8607289791
0.0,0.0,0,11.8660809994
0.0,0.0,0,11.8746340275
0.0,0.0,0,11.8841841221
0.0,0.0,0,11.8912889957
0.0,0.0,0,11.8998451233
0.0,0.0,0,11.9061369896
0.0,0.0,0,11.9124109745
0.0,0.0,0,11.9186229706
0.0,0.0,0,11.9254231453
0.0,0.0,0,11.932393074
0.0,0.0,0,11.9393630028
0.0,0.0,0,11.9460849762
0.0,0.0,0,11.9527909756
0.0,0.0,0,11.9600529671
0.0,0.0,0,11.9684760571
0.0,0.0,0,11.9757530689
0.0,0.0,0,11.9825861454
0.0,0.0,0,11.9911401272
0.0,0.0,0,11.9979929924
0.0,0.0,0,12.0044419765
0.0,0.0,0,12.010789156
0.0,0.0,0,12.0171339512
0.0,0.0,0,12.0238170624
0.0,0.0,0,12.0303211212
0.0,0.0,0,12.0366301537
0.0,0.0,0,12.0428371429
0.0,0.0,0,12.0490880013
0.0,0.0,0,12.0553650856
0.0,0.0,0,12.0615720749
0.0,0.0,0,12.0667901039
0.0,0.0,0,12.0759191513
0.0,0.0,0,12.0811870098
0.0,0.0,0,12.0908329487
0.0,0.0,0,12.1001911163
0.0,0.0,0,12.1067509651
0.0,0.0,0,12.1156430244
0.0,0.0,0,12.1221871376
0.0,0.0,0,12.1282720566
0.0,0.0,0,12.1346380711
0.0,0.0,0,12.1410140991
0.0,0.0,0,12.1473021507
0.0,0.0,0,12.1536271572
0.0,0.0,0,12.1604530811
0.0,0.0,0,12.1672379971
0.0,0.0,0,12.1741540432
0.0,0.0,0,12.1824059486
0.0,0.0,0,12.189645052
0.0,0.0,0,12.1971571445
0.0,0.0,0,12.2066810131
0.0,0.0,0,12.2162261009
0.0,0.0,0,12.2250599861
0.0,0.0,0,12.2320649624
0.0,0.0,0,12.2400939465
0.0,0.0,0,12.2462551594
0.0,0.0,0,12.2528381348
0.0,0.0,0,12.2580120564
0.0,0.0,0,12.2668681145
0.0,0.0,0,12.2764041424
0.0,0.0,0,12.2854671478
0.0,0.0,0,12.2945690155
0.0,0.0,0,12.2998940945
0.0,0.0,0,12.309317112
0.0,0.0,0,12.3165440559
0.0,0.0,0,12.3235991001
0.0,0.0,0,12.3304309845
0.0,0.0,0,12.3371520042
0.0,0.0,0,12.3453831673
0.0,0.0,0,12.35237813
0.0,0.0,0,12.3594970703
0.0,0.0,0,12.3662641048
0.0,0.0,0,12.3730950356
0.0,0.0,0,12.3802640438
0.0,0.0,0,12.386950016
0.0,0.0,0,12.3935191631
0.0,0.0,0,12.401389122
0.0,0.0,0,12.4081699848
0.0,0.0,0,12.4152741432
0.0,0.0,0,12.4222271442
0.0,0.0,0,12.4299890995
0.0,0.0,0,12.4371140003
0.0,0.0,0,12.4445941448
0.0,0.0,0,12.4819741249
0.0,0.0,0,12.4885001183
0.0,0.0,0,12.4948861599
0.0,0.0,0,12.5020129681
0.0,0.0,0,12.5112421513
0.0,0.0,0,12.516505003
0.0,0.0,0,12.5262610912
0.0,0.0,0,12.5338120461
0.0,0.0,0,12.5407550335
0.0,0.0,0,12.5486271381
0.0,0.0,0,12.5593099594
0.0,0.0,0,12.5658929348
0.0,0.0,0,12.5719251633
0.0,0.0,0,12.5780720711
0.0,0.0,0,12.5850090981
0.0,0.0,0,12.5911331177
0.0,0.0,0,12.5973660946
0.0,0.0,0,12.6026000977
0.0,0.0,0,12.6079990864
0.0,0.0,0,12.6165399551
0.0,0.0,0,12.6235690117
0.0,0.0,0,12.6323151588
0.0,0.0,0,12.6389200687
0.0,0.0,0,12.6514830589
0.0,0.0,0,12.659676075
0.0,0.0,0,12.6668231487
0.0,0.0,0,12.6738879681
0.0,0.0,0,12.6848909855
0.0,0.0,0,12.6911799908
0.0,0.0,0,12.6973321438
0.0,0.0,0,12.7035889626
0.0,0.0,0,12.713406086
0.0,0.0,0,12.7190051079
0.0,0.0,0,12.7242820263
0.0,0.0,0,12.7341599464
0.0,0.0,0,12.7419190407
0.0,0.0,0,12.7501370907
0.0,0.0,0,12.7569899559
0.0,0.0,0,12.7681779861
0.0,0.0,0,12.7754170895
0.0,0.0,0,12.7824010849
0.0,0.0,0,12.7897090912
0.0,0.0,0,12.7968010902
0.0,0.0,0,12.8038270473
0.0,0.0,0,12.8107969761
0.0,0.0,0,12.8186399937
0.0,0.0,0,12.8258280754
0.0,0.0,0,12.8324611187
0.0,0.0,0,12.8408460617
0.0,0.0,0,12.8524651527
0.0,0.0,0,12.8589799404
0.0,0.0,0,12.865347147
0.0,0.0,0,12.8716480732
0.0,0.0,0,12.8778481483
0.0,0.0,0,12.8848609924
0.0,0.0,0,12.8912060261
0.0,0.0,0,12.8975460529
0.0,0.0,0,12.9039061069
0.0,0.0,0,12.9098510742
0.0,0.0,0,12.9167521
0.0,0.0,0,12.923156023
0.0,0.0,0,12.9327709675
0.0,0.0,0,12.9388840199
0.0,0.0,0,12.9479060173
0.0,0.0,0,12.9576010704
0.0,0.0,0,12.964550972
0.0,0.0,0,12.9717559814
0.0,0.0,0,12.9821381569
0.0,0.0,0,12.9881789684
0.0,0.0,0,12.9946081638
0.0,0.0,0,13.001139164
0.0,0.0,0,13.008867979
0.0,0.0,0,13.0165510178
0.0,0.0,0,13.0236909389
0.0,0.0,0,13.0305869579
0.0,0.0,0,13.0387451649
0.0,0.0,0,13.0457520485
0.0,0.0,0,13.0532500744
0.0,0.0,0,13.0624439716
0.0,0.0,0,13.0709090233
0.0,0.0,0,13.0783669949
0.0,0.0,0,13.0918140411
0.0,0.0,0,13.1038610935
0.0,0.0,0,13.1165010929
0.0,0.0,0,13.1402821541
0.0,0.0,0,13.1468989849
0.0,0.0,0,13.1579611301
0.0,0.0,0,13.1654119492
0.0,0.0,0,13.1766130924
0.0,0.0,0,13.1838619709
0.0,0.0,0,13.1909439564
0.0,0.0,0,13.1976311207
0.0,0.0,0,13.2057950497
0.0,0.0,0,13.2135510445
0.0,0.0,0,13.2205951214
0.0,0.0,0,13.2310171127
0.0,0.0,0,13.2372851372
0.0,0.0,0,13.2438130379
0.0,0.0,0,13.2504739761
0.0,0.0,0,13.2579109669
0.0,0.0,0,13.2645950317
0.0,0.0,0,13.2709269524
0.0,0.0,0,13.2770271301
0.0,0.0,0,13.2834279537
0.0,0.0,0,13.2898249626
0.0,0.0,0,13.2964780331
0.0,0.0,0,13.3028891087
0.0,0.0,0,13.3093600273
0.0,0.0,0,13.3157219887
0.0,0.0,0,13.3222091198
0.0,0.0,0,13.3284680843
0.0,0.0,0,13.3347380161
0.0,0.0,0,13.3420240879
0.0,0.0,0,13.3511049747
0.0,0.0,0,13.3587019444
0.0,0.0,0,13.3686561584
0.0,0.0,0,13.3756730556
0.0,0.0,0,13.3863220215
0.0,0.0,0,13.392884016
0.0,0.0,0,13.3993570805
0.0,0.0,0,13.4065220356
0.0,0.0,0,13.4135861397
0.0,0.0,0,13.4202001095
0.0,0.0,0,13.42674613
0.0,0.0,0,13.4470911026
0.0,0.0,0,13.454501152
0.0,0.0,0,13.462667942
0.0,0.0,0,13.4700460434
0.0,0.0,0,13.4765720367
0.0,0.0,0,13.4849820137
0.0,0.0,0,13.4916911125
0.0,0.0,0,13.498814106
0.0,0.0,0,13.5045030117
0.0,0.0,0,13.5121741295
0.0,0.0,0,13.5262200832
0.0,0.0,0,13.5335431099
0.0,0.0,0,13.5401489735
0.0,0.0,0,13.5476260185
0.0,0.0,0,13.5539391041
0.0,0.0,0,13.5648720264
0.0,0.0,0,13.5703451633
0.0,0.0,0,13.5807731152
0.0,0.0,0,13.5879890919
0.0,0.0,0,13.5953350067
0.0,0.0,0,13.6060330868
0.0,0.0,0,13.6123199463
0.0,0.0,0,13.6186289787
0.0,0.0,0,13.6249639988
0.0,0.0,0,13.6319570541
0.0,0.0,0,13.639070034
0.0,0.0,0,13.6482210159
0.0,0.0,0,13.6553580761
0.0,0.0,0,13.6656019688
0.0,0.0,0,13.672590971
0.0,0.0,0,13.6798400879
0.0,0.0,0,13.6904399395
0.0,0.0,0,13.6975259781
0.0,0.0,0,13.703895092
0.0,0.0,0,13.7102780342
0.0,0.0,0,13.7164540291
0.0,0.0,0,13.722974062
0.0,0.0,0,13.7293050289
0.0,0.0,0,13.735640049
0.0,0.0,0,13.7420771122
0.0,0.0,0,13.7488250732
0.0,0.0,0,13.7551751137
0.0,0.0,0,13.7627589703
0.0,0.0,0,13.7693021297
0.0,0.0,0,13.7796220779
0.0,0.0,0,13.7849471569
0.0,0.0,0,13.7948169708
0.0,0.0,0,13.8032851219
0.0,0.0,0,13.8103499413
0.0,0.0,0,13.8206951618
0.0,0.0,0,13.8269000053
0.0,0.0,0,13.8333449364
0.0,0.0,0,13.8396351337
0.0,0.0,0,13.8457591534
0.0,0.0,0,13.8533160686
0.0,0.0,0,13.8608570099
0.0,0.0,0,13.8671140671
0.0,0.0,0,13.8737440109
0.0,0.0,0,13.8809649944
0.0,0.0,0,13.8881249428
0.0,0.0,0,13.8947401047
0.0,0.0,0,13.9013869762
0.0,0.0,0,13.9101030827
0.0,0.0,0,13.9168591499
0.0,0.0,0,13.9247429371
0.0,0.0,0,13.9346439838
0.0,0.0,0,13.9411709309
0.0,0.0,0,13.9486680031
0.0,0.0,0,13.9558520317
0.0,0.0,0,13.9635560513
0.0,0.0,0,13.9710681438
0.0,0.0,0,13.98696208
0.0,0.0,0,14.0005321503
0.0,0.0,0,14.0096981525
0.0,0.0,0,14.022452116
0.0,0.0,0,14.0322980881
0.0,0.0,0,14.0407431126
0.0,0.0,0,14.0475959778
0.0,0.0,0,14.0551350117
0.0,0.0,0,14.0618550777
0.0,0.0,0,14.0690820217
0.0,0.0,0,14.0759661198
0.0,0.0,0,14.0841350555
0.0,0.0,0,14.0911641121
0.0,0.0,0,14.0980110168
0.0,0.0,0,14.1082620621
0.0,0.0,0,14.1147990227
0.0,0.0,0,14.1212911606
0.0,0.0,0,14.1275229454
0.0,0.0,0,14.1338160038
0.0,0.0,0,14.1402230263
0.0,0.0,0,14.1466040611
0.0,0.0,0,14.1529140472
0.0,0.0,0,14.159126997
0.0,0.0,0,14.1656980515
0.0,0.0,0,14.1721100807
0.0,0.0,0,14.1783261299
0.0,0.0,0,14.1848549843
0.0,0.0,0,14.1910891533
0.0,0.0,0,14.2003159523
0.0,0.0,0,14.206163168
0.0,0.0,0,14.2114651203
0.0,0.0,0,14.222826004
0.0,0.0,0,14.2299101353
0.0,0.0,0,14.2368209362
0.0,0.0,0,14.2470331192
0.0,0.0,0,14.2534780502
0.0,0.0,0,14.2597930431
0.0,0.0,0,14.2660901546
0.0,0.0,0,14.2721731663
0.0,0.0,0,14.2784161568
0.0,0.0,0,14.2888550758
0.0,0.0,0,14.2958431244
0.0,0.0,0,14.3026070595
0.0,0.0,0,14.3095490932
0.0,0.0,0,14.3159470558
0.0,0.0,0,14.3241569996
0.0,0.0,0,14.3317739964
0.0,0.0,0,14.3383190632
0.0,0.0,0,14.3487000465
0.0,0.0,0,14.3547990322
0.0,0.0,0,14.3611750603
0.0,0.0,0,14.367426157
0.0,0.0,0,14.3736829758
0.0,0.0,0,14.3799929619
0.0,0.0,0,14.3862559795
0.0,0.0,0,14.3924131393
0.0,0.0,0,14.3986430168
0.0,0.0,0,14.4069671631
0.0,0.0,0,14.4171080589
0.0,0.0,0,14.422410965
0.0,0.0,0,14.4311699867
0.0,0.0,0,14.4697580338
0.0,0.0,0,14.4766061306
0.0,0.0,0,14.4835400581
0.0,0.0,0,14.4904191494
0.0,0.0,0,14.4972491264
0.0,0.0,0,14.5030519962
0.0,0.0,0,14.5118899345
0.0,0.0,0,14.5195159912
0.0,0.0,0,14.5266721249
0.0,0.0,0,14.5339100361
0.0,0.0,0,14.5409209728
0.0,0.0,0,14.5477180481
0.0,0.0,0,14.5657930374
0.0,0.0,0,14.5729429722
0.0,0.0,0,14.5802690983
0.0,0.0,0,14.5880129337
0.0,0.0,0,14.5944240093
0.0,0.0,0,14.6009581089
0.0,0.0,0,14.6072471142
0.0,0.0,0,14.6135110855
0.0,0.0,0,14.6200060844
0.0,0.0,0,14.6262619495
0.0,0.0,0,14.6596591473
0.0,0.0,0,14.6669249535
0.0,0.0,0,14.6738910675
0.0,0.0,0,14.6810700893
0.0,0.0,0,14.6894869804
0.0,0.0,0,14.6965920925
0.0,0.0,0,14.7036380768
0.0,0.0,0,14.7110259533
0.0,0.0,0,14.7182900906
0.0,0.0,0,14.7238171101
0.0,0.0,0,14.7291460037
0.0,0.0,0,14.7376720905
0.0,0.0,0,14.7449860573
0.0,0.0,0,14.7522940636
0.0,0.0,0,14.7590920925
0.0,0.0,0,14.7661399841
0.0,0.0,0,14.7755579948
0.0,0.0,0,14.7820079327
0.0,0.0,0,14.7882339954
0.0,0.0,0,14.7942841053
0.0,0.0,0,14.8005290031
0.0,0.0,0,14.8070430756
0.0,0.0,0,14.8133621216
0.0,0.0,0,14.8193359375
0.0,0.0,0,14.8255710602
0.0,0.0,0,14.8320240974
0.0,0.0,0,14.8411920071
0.0,0.0,0,14.8464889526
0.0,0.0,0,14.855877161
0.0,0.0,0,14.8663370609
0.0,0.0,0,14.8740911484
0.0,0.0,0,14.8813610077
0.0,0.0,0,14.8884551525
0.0,0.0,0,14.8995690346
0.0,0.0,0,14.9078409672
0.0,0.0,0,14.9159231186
0.0,0.0,0,14.923844099
0.0,0.0,0,14.9305419922
0.0,0.0,0,14.938270092
0.0,0.0,0,14.9483239651
0.0,0.0,0,14.954875946
0.0,0.0,0,14.961384058
0.0,0.0,0,14.9681661129
0.0,0.0,0,14.9748940468
0.0,0.0,0,14.9816360474
0.0,0.0,0,14.9888451099
0.0,0.0,0,14.9966480732
0.0,0.0,0,15.0033900738
0.0,0.0,0,15.0103480816
0.0,0.0,0,15.0195319653
0.0,0.0,0,15.025769949
0.0,0.0,0,15.0320191383
0.0,0.0,0,15.0382680893
0.0,0.0,0,15.0447909832
0.0,0.0,0,15.0510511398
0.0,0.0,0,15.060642004
0.0,0.0,0,15.0661201477
0.0,0.0,0,15.085337162
0.0,0.0,0,15.0926091671
0.0,0.0,0,15.0995800495
0.0,0.0,0,15.1075630188
0.0,0.0,0,15.1143770218
0.0,0.0,0,15.1217460632
0.0,0.0,0,15.1285879612
0.0,0.0,0,15.1356511116
0.0,0.0,0,15.1427230835
0.0,0.0,0,15.1499750614
0.0,0.0,0,15.157143116
0.0,0.0,0,15.1637949944
0.0,0.0,0,15.1719760895
0.0,0.0,0,15.179046154
0.0,0.0,0,15.1861741543
0.0,0.0,0,15.193046093
0.0,0.0,0,15.2000341415
0.0,0.0,0,15.2086629868
0.0,0.0,0,15.2158420086
0.0,0.0,0,15.2221570015
0.0,0.0,0,15.2283389568
0.0,0.0,0,15.2346489429
0.0,0.0,0,15.2407181263
0.0,0.0,0,15.2465281487
0.0,0.0,0,15.2528319359
0.0,0.0,0,15.2600090504
0.0,0.0,0,15.2683780193
0.0,0.0,0,15.2740190029
0.0,0.0,0,15.2950091362
0.0,0.0,0,15.3019020557
0.0,0.0,0,15.3102321625
0.0,0.0,0,15.3166019917
0.0,0.0,0,15.3227920532
0.0,0.0,0,15.3291511536
0.0,0.0,0,15.3355510235
0.0,0.0,0,15.3430011272
0.0,0.0,0,15.35019207
0.0,0.0,0,15.3564710617
0.0,0.0,0,15.3628809452
0.0,0.0,0,15.3696219921
0.0,0.0,0,15.3758530617
0.0,0.0,0,15.3918409348
0.0,0.0,0,15.3988699913
0.0,0.0,0,15.4057109356
0.0,0.0,0,15.4128489494
0.0,0.0,0,15.419934988
0.0,0.0,0,15.4264521599
0.0,0.0,0,15.4342989922
0.0,0.0,0,15.4428639412
0.0,0.0,0,15.4513680935
0.0,0.0,0,15.4574120045
0.0,0.0,0,15.4633500576
0.0,0.0,0,15.470042944
0.0,0.0,0,15.4759919643
0.0,0.0,0,15.4866919518
0.0,0.0,0,15.4941501617
0.0,0.0,0,15.5020489693
0.0,0.0,0,15.517663002
0.0,0.0,0,15.5288071632
0.0,0.0,0,15.536370039
0.0,0.0,0,15.5439620018
0.0,0.0,0,15.5510411263
0.0,0.0,0,15.5579581261
0.0,0.0,0,15.5670850277
0.0,0.0,0,15.5741369724
0.0,0.0,0,15.5811650753
0.0,0.0,0,15.5882539749
0.0,0.0,0,15.5954229832
0.0,0.0,0,15.6027309895
0.0,0.0,0,15.610394001
0.0,0.0,0,15.6188490391
0.0,0.0,0,15.6275920868
0.0,0.0,0,15.6349101067
0.0,0.0,0,15.642688036
0.0,0.0,0,15.6492359638
0.0,0.0,0,15.6556210518
0.0,0.0,0,15.6621861458
0.0,0.0,0,15.6687691212
0.0,0.0,0,15.6754300594
0.0,0.0,0,15.6817409992
0.0,0.0,0,15.6881570816
0.0,0.0,0,15.6945581436
0.0,0.0,0,15.7032620907
0.0,0.0,0,15.7089540958
0.0,0.0,0,15.7141239643
0.0,0.0,0,15.723170042
0.0,0.0,0,15.7329220772
0.0,0.0,0,15.7410290241
0.0,0.0,0,15.7484920025
0.0,0.0,0,15.7546041012
0.0,0.0,0,15.7611160278
0.0,0.0,0,15.767496109
0.0,0.0,0,15.7733831406
0.0,0.0,0,15.7801260948
0.0,0.0,0,15.7864961624
0.0,0.0,0,15.7929561138
0.0,0.0,0,15.7994110584
0.0,0.0,0,15.8067951202
0.0,0.0,0,15.8148300648
0.0,0.0,0,15.8234870434
0.0,0.0,0,15.8312349319
0.0,0.0,0,15.8405399323
0.0,0.0,0,15.8510241508
0.0,0.0,0,15.8596920967
0.0,0.0,0,15.8726899624
0.0,0.0,0,15.8798761368
0.0,0.0,0,15.8862860203
0.0,0.0,0,15.8921811581
0.0,0.0,0,15.9003410339
0.0,0.0,0,15.9101200104
0.0,0.0,0,15.9171161652
0.0,0.0,0,15.9259369373
0.0,0.0,0,15.9344820976
0.0,0.0,0,15.9417090416
0.0,0.0,0,15.9568281174
0.0,0.0,0,15.9645550251
0.0,0.0,0,15.9721939564
0.0,0.0,0,15.9801459312
0.0,0.0,0,15.9877910614
0.0,0.0,0,15.9965801239
0.0,0.0,0,16.0034151077
0.0,0.0,0,16.010242939
0.0,0.0,0,16.0168521404
0.0,0.0,0,16.023635149
0.0,0.0,0,16.0305919647
0.0,0.0,0,16.0463049412
0.0,0.0,0,16.0535900593
0.0,0.0,0,16.060847044
0.0,0.0,0,16.0678160191
0.0,0.0,0,16.0752100945
0.0,0.0,0,16.0808031559
0.0,0.0,0,16.086097002
0.0,0.0,0,16.0914061069
0.0,0.0,0,16.0969851017
0.0,0.0,0,16.107831955
0.0,0.0,0,16.1148979664
0.0,0.0,0,16.1218831539
0.0,0.0,0,16.1293759346
0.0,0.0,0,16.1408369541
0.0,0.0,0,16.1460151672
0.0,0.0,0,16.1513490677
0.0,0.0,0,16.1635611057
0.0,0.0,0,16.1708891392
0.0,0.0,0,16.1764750481
0.0,0.0,0,16.1847810745
0.0,0.0,0,16.1934680939
0.0,0.0,0,16.2004580498
0.0,0.0,0,16.2071170807
0.0,0.0,0,16.2144610882
0.0,0.0,0,16.2215390205
0.0,0.0,0,16.2284710407
0.0,0.0,0,16.2354421616
0.0,0.0,0,16.2423300743
0.0,0.0,0,16.2487330437
0.0,0.0,0,16.2565841675
0.0,0.0,0,16.2638559341
0.0,0.0,0,16.2713551521
0.0,0.0,0,16.2803370953
0.0,0.0,0,16.2865099907
0.0,0.0,0,16.2957501411
0.0,0.0,0,16.3016650677
0.0,0.0,0,16.3077750206
0.0,0.0,0,16.3140380383
0.0,0.0,0,16.3205029964
0.0,0.0,0,16.3266811371
0.0,0.0,0,16.3330249786
0.0,0.0,0,16.3393850327
0.0,0.0,0,16.3455550671
0.0,0.0,0,16.3585460186
0.0,0.0,0,16.3643519878
0.0,0.0,0,16.3697090149
0.0,0.0,0,16.3943319321
0.0,0.0,0,16.4035110474
0.0,0.0,0,16.4098529816
0.0,0.0,0,16.416118145
0.0,0.0,0,16.422606945
0.0,0.0,0,16.4296071529
0.0,0.0,0,16.4360499382
0.0,0.0,0,16.4429681301
0.0,0.0,0,16.4502830505
0.0,0.0,0,16.4577491283
0.0,0.0,0,16.4797589779
0.0,0.0,0,16.4869470596
0.0,0.0,0,16.4943561554
0.0,0.0,0,16.5014381409
0.0,0.0,0,16.5081520081
0.0,0.0,0,16.5160040855
0.0,0.0,0,16.5231990814
0.0,0.0,0,16.5312571526
0.0,0.0,0,16.5380730629
0.0,0.0,0,16.5451109409
0.0,0.0,0,16.5533349514
0.0,0.0,0,16.5604300499
0.0,0.0,0,16.5667431355
0.0,0.0,0,16.575838089
0.0,0.0,0,16.5816471577
0.0,0.0,0,16.5922451019
0.0,0.0,0,16.5994441509
0.0,0.0,0,16.6063370705
0.0,0.0,0,16.6151151657
0.0,0.0,0,16.6219110489
0.0,0.0,0,16.6289601326
0.0,0.0,0,16.6357979774
0.0,0.0,0,16.6423380375
0.0,0.0,0,16.6509671211
0.0,0.0,0,16.657752037
0.0,0.0,0,16.6647560596
0.0,0.0,0,16.6722810268
0.0,0.0,0,16.6785199642
0.0,0.0,0,16.6852080822
0.0,0.0,0,16.6914551258
0.0,0.0,0,16.6977360249
0.0,0.0,0,16.7039649487
0.0,0.0,0,16.7102811337
0.0,0.0,0,16.7166171074
0.0,0.0,0,16.7229189873
0.0,0.0,0,16.729352951
0.0,0.0,0,16.7356309891
0.0,0.0,0,16.7420711517
0.0,0.0,0,16.7483420372
0.0,0.0,0,16.754750967
0.0,0.0,0,16.7609679699
0.0,0.0,0,16.7673130035
0.0,0.0,0,16.7735271454
0.0,0.0,0,16.7799420357
0.0,0.0,0,16.789839983
0.0,0.0,0,16.7968189716
0.0,0.0,0,16.8049631119
0.0,0.0,0,16.8121800423
0.0,0.0,0,16.8188791275
0.0,0.0,0,16.8265781403
0.0,0.0,0,16.8328149319
0.0,0.0,0,16.839703083
0.0,0.0,0,16.8465030193
0.0,0.0,0,16.8534841537
0.0,0.0,0,16.860063076
0.0,0.0,0,16.866656065
0.0,0.0,0,16.8734760284
0.0,0.0,0,16.8818409443
0.0,0.0,0,16.8887290955
0.0,0.0,0,16.8954629898
0.0,0.0,0,16.9028980732
0.0,0.0,0,16.9090411663
0.0,0.0,0,16.9153649807
0.0,0.0,0,16.9214949608
0.0,0.0,0,16.9279410839
0.0,0.0,0,16.9347970486
0.0,0.0,0,16.9415810108
0.0,0.0,0,16.9478800297
0.0,0.0,0,16.9542789459
0.0,0.0,0,16.9610049725
0.0,0.0,0,16.967744112
0.0,0.0,0,16.9758269787
0.0,0.0,0,16.9831531048
0.0,0.0,0,16.9904770851
0.0,0.0,0,17.0010211468
0.0,0.0,0,17.0136461258
0.0,0.0,0,17.0227050781
0.0,0.0,0,17.0304789543
0.0,0.0,0,17.0372419357
0.0,0.0,0,17.0436439514
0.0,0.0,0,17.0519089699
0.0,0.0,0,17.0581860542
0.0,0.0,0,17.0645420551
0.0,0.0,0,17.0709469318
0.0,0.0,0,17.07716012
0.0,0.0,0,17.0834209919
0.0,0.0,0,17.0904569626
0.0,0.0,0,17.0974941254
0.0,0.0,0,17.1043980122
0.0,0.0,0,17.1112439632
0.0,0.0,0,17.1181609631
0.0,0.0,0,17.1262850761
0.0,0.0,0,17.1346299648
0.0,0.0,0,17.1415481567
0.0,0.0,0,17.1510059834
0.0,0.0,0,17.1574320793
0.0,0.0,0,17.1637570858
0.0,0.0,0,17.1704549789
0.0,0.0,0,17.1766450405
0.0,0.0,0,17.1829080582
0.0,0.0,0,17.1893620491
0.0,0.0,0,17.195775032
0.0,0.0,0,17.2020540237
0.0,0.0,0,17.2117011547
0.0,0.0,0,17.21748209
0.0,0.0,0,17.2293250561
0.0,0.0,0,17.2376070023
0.0,0.0,0,17.2444181442
0.0,0.0,0,17.2521929741
0.0,0.0,0,17.2585141659
0.0,0.0,0,17.2647070885
0.0,0.0,0,17.2710399628
0.0,0.0,0,17.2769970894
0.0,0.0,0,17.2832090855
0.0,0.0,0,17.2896709442
0.0,0.0,0,17.2960391045
0.0,0.0,0,17.302273035
0.0,0.0,0,17.3084149361
0.0,0.0,0,17.3147251606
0.0,0.0,0,17.3217799664
0.0,0.0,0,17.3288309574
0.0,0.0,0,17.3355629444
0.0,0.0,0,17.3422570229
0.0,0.0,0,17.3487091064
0.0,0.0,0,17.3563821316
0.0,0.0,0,17.363255024
0.0,0.0,0,17.370360136
0.0,0.0,0,17.3795640469
0.0,0.0,0,17.3856670856
0.0,0.0,0,17.3918981552
0.0,0.0,0,17.3980369568
0.0,0.0,0,17.4044060707
0.0,0.0,0,17.4107880592
0.0,0.0,0,17.4170401096
0.0,0.0,0,17.4233291149
0.0,0.0,0,17.4327030182
0.0,0.0,0,17.4388811588
0.0,0.0,0,17.4505500793
0.0,0.0,0,17.4581401348
0.0,0.0,0,17.4660730362
0.0,0.0,0,17.5023210049
0.0,0.0,0,17.5102331638
0.0,0.0,0,17.5177471638
0.0,0.0,0,17.5253510475
0.0,0.0,0,17.532859087
0.0,0.0,0,17.5418980122
0.0,0.0,0,17.5501191616
0.0,0.0,0,17.5571739674
0.0,0.0,0,17.5665690899
0.0,0.0,0,17.5733990669
0.0,0.0,0,17.5798671246
0.0,0.0,0,17.5862021446
0.0,0.0,0,17.5924589634
0.0,0.0,0,17.5988371372
0.0,0.0,0,17.6054060459
0.0,0.0,0,17.6117730141
0.0,0.0,0,17.6190750599
0.0,0.0,0,17.6263179779
0.0,0.0,0,17.6402931213
0.0,0.0,0,17.6495571136
0.0,0.0,0,17.6548650265
0.0,0.0,0,17.6629631519
0.0,0.0,0,17.6723711491
0.0,0.0,0,17.6797759533
0.0,0.0,0,17.6879470348
0.0,0.0,0,17.6944141388
0.0,0.0,0,17.7011680603
0.0,0.0,0,17.7146191597
0.0,0.0,0,17.7211959362
0.0,0.0,0,17.7273859978
0.0,0.0,0,17.7345311642
0.0,0.0,0,17.7417900562
0.0,0.0,0,17.7487640381
0.0,0.0,0,17.7558391094
0.0,0.0,0,17.7629711628
0.0,0.0,0,17.7710869312
0.0,0.0,0,17.7780580521
0.0,0.0,0,17.785323143
0.0,0.0,0,17.7945761681
0.0,0.0,0,17.8008930683
0.0,0.0,0,17.8077909946
0.0,0.0,0,17.8211219311
0.0,0.0,0,17.8278679848
0.0,0.0,0,17.8340849876
0.0,0.0,0,17.8406701088
0.0,0.0,0,17.8472559452
0.0,0.0,0,17.8531219959
0.0,0.0,0,17.8590230942
0.0,0.0,0,17.8698680401
0.0,0.0,0,17.8752119541
0.0,0.0,0,17.8951020241
0.0,0.0,0,17.9021241665
0.0,0.0,0,17.9114019871
0.0,0.0,0,17.9177320004
0.0,0.0,0,17.9255709648
0.0,0.0,0,17.9348390102
0.0,0.0,0,17.9427390099
0.0,0.0,0,17.9494640827
0.0,0.0,0,17.9560289383
0.0,0.0,0,17.9634971619
0.0,0.0,0,17.9798800945
0.0,0.0,0,17.9888861179
0.0,0.0,0,17.9976370335
0.0,0.0,0,18.0056259632
0.0,0.0,0,18.0122759342
0.0,0.0,0,18.0199210644
0.0,0.0,0,18.0249900818
0.0,0.0,0,18.0344109535
0.0,0.0,0,18.0411739349
0.0,0.0,0,18.0478799343
0.0,0.0,0,18.055670023
0.0,0.0,0,18.062032938
0.0,0.0,0,18.0681991577
0.0,0.0,0,18.0767819881
0.0,0.0,0,18.0846910477
0.0,0.0,0,18.0922441483
0.0,0.0,0,18.0989780426
0.0,0.0,0,18.1058189869
0.0,0.0,0,18.1134130955
0.0,0.0,0,18.1196141243
0.0,0.0,0,18.1259760857
0.0,0.0,0,18.1328151226
0.0,0.0,0,18.1395030022
0.0,0.0,0,18.146394968
0.0,0.0,0,18.1528191566
0.0,0.0,0,18.1609539986
0.0,0.0,0,18.1680519581
0.0,0.0,0,18.1753239632
0.0,0.0,0,18.1828989983
0.0,0.0,0,18.1893200874
0.0,0.0,0,18.1957099438
0.0,0.0,0,18.2020430565
0.0,0.0,0,18.2083759308
0.0,0.0,0,18.2148411274
0.0,0.0,0,18.221075058
0.0,0.0,0,18.2274730206
0.0,0.0,0,18.2337629795
0.0,0.0,0,18.2401680946
0.0,0.0,0,18.2465810776
0.0,0.0,0,18.253054142
0.0,0.0,0,18.2595579624
0.0,0.0,0,18.2660980225
0.0,0.0,0,18.2723870277
0.0,0.0,0,18.2812731266
0.0,0.0,0,18.2890679836
0.0,0.0,0,18.2962019444
0.0,0.0,0,18.3044221401
0.0,0.0,0,18.3110880852
0.0,0.0,0,18.3182170391
0.0,0.0,0,18.3255200386
0.0,0.0,0,18.3319480419
0.0,0.0,0,18.3382470608
0.0,0.0,0,18.3445949554
0.0,0.0,0,18.3509409428
0.0,0.0,0,18.356951952
0.0,0.0,0,18.3630321026
0.0,0.0,0,18.3698041439
0.0,0.0,0,18.3767449856
0.0,0.0,0,18.3830111027
0.0,0.0,0,18.389881134
0.0,0.0,0,18.3965611458
0.0,0.0,0,18.4044370651
0.0,0.0,0,18.4123771191
0.0,0.0,0,18.4195899963
0.0,0.0,0,18.4282400608
0.0,0.0,0,18.4346139431
0.0,0.0,0,18.4410941601
0.0,0.0,0,18.4466619492
0.0,0.0,0,18.4522111416
0.0,0.0,0,18.4581429958
0.0,0.0,0,18.4650130272
0.0,0.0,0,18.4901120663
0.0,0.0,0,18.4953670502
0.0,0.0,0,18.5073239803
0.0,0.0,0,18.5137441158
0.0,0.0,0,18.520843029
0.0,0.0,0,18.5290391445
0.0,0.0,0,18.5367150307
0.0,0.0,0,18.5469820499
0.0,0.0,0,18.5536949635
0.0,0.0,0,18.560256958
0.0,0.0,0,18.5685241222
0.0,0.0,0,18.5752620697
0.0,0.0,0,18.5818591118
0.0,0.0,0,18.5885059834
0.0,0.0,0,18.5951139927
0.0,0.0,0,18.6017820835
0.0,0.0,0,18.6085000038
0.0,0.0,0,18.6159770489
0.0,0.0,0,18.6236810684
0.0,0.0,0,18.630877018
0.0,0.0,0,18.6381161213
0.0,0.0,0,18.6470730305
0.0,0.0,0,18.6546421051
0.0,0.0,0,18.6618599892
0.0,0.0,0,18.6723070145
0.0,0.0,0,18.6788980961
0.0,0.0,0,18.6854460239
0.0,0.0,0,18.6918520927
0.0,0.0,0,18.6983940601
0.0,0.0,0,18.7054870129
0.0,0.0,0,18.7120511532
0.0,0.0,0,18.7186291218
0.0,0.0,0,18.7288849354
0.0,0.0,0,18.7375431061
0.0,0.0,0,18.7463870049
0.0,0.0,0,18.7539761066
0.0,0.0,0,18.7660059929
0.0,0.0,0,18.7734899521
0.0,0.0,0,18.7808401585
0.0,0.0,0,18.7876811028
0.0,0.0,0,18.7946741581
0.0,0.0,0,18.8040030003
0.0,0.0,0,18.811882019
0.0,0.0,0,18.8189809322
0.0,0.0,0,18.8294889927
0.0,0.0,0,18.8360769749
0.0,0.0,0,18.8428051472
0.0,0.0,0,18.8488371372
0.0,0.0,0,18.855394125
0.0,0.0,0,18.8623640537
0.0,0.0,0,18.8688969612
0.0,0.0,0,18.8754489422
0.0,0.0,0,18.8820660114
0.0,0.0,0,18.8893539906
0.0,0.0,0,18.896337986
0.0,0.0,0,18.9038419724
0.0,0.0,0,18.9108181
0.0,0.0,0,18.9174399376
0.0,0.0,0,18.9298181534
0.0,0.0,0,18.94739604
0.0,0.0,0,18.9713129997
0.0,0.0,0,18.9788479805
0.0,0.0,0,18.9947710037
0.0,0.0,0,19.0010380745
0.0,0.0,0,19.0082099438
0.0,0.0,0,19.015239954
0.0,0.0,0,19.0224759579
0.0,0.0,0,19.0291011333
0.0,0.0,0,19.0373001099
0.0,0.0,0,19.0452971458
0.0,0.0,0,19.0524840355
0.0,0.0,0,19.0636019707
0.0,0.0,0,19.0702681541
0.0,0.0,0,19.0767409801
0.0,0.0,0,19.083258152
0.0,0.0,0,19.0897271633
0.0,0.0,0,19.0959420204
0.0,0.0,0,19.1023499966
0.0,0.0,0,19.1089990139
0.0,0.0,0,19.1154220104
0.0,0.0,0,19.121694088
0.0,0.0,0,19.128029108
0.0,0.0,0,19.134688139
0.0,0.0,0,19.1409640312
0.0,0.0,0,19.1496300697
0.0,0.0,0,19.1575341225
0.0,0.0,0,19.1649341583
0.0,0.0,0,19.1734919548
0.0,0.0,0,19.1810619831
0.0,0.0,0,19.189054966
0.0,0.0,0,19.1964440346
0.0,0.0,0,19.2029240131
0.0,0.0,0,19.2096531391
0.0,0.0,0,19.216105938
0.0,0.0,0,19.2224600315
0.0,0.0,0,19.2295329571
0.0,0.0,0,19.2367219925
0.0,0.0,0,19.2441551685
0.0,0.0,0,19.2512841225
0.0,0.0,0,19.2588200569
0.0,0.0,0,19.267603159
0.0,0.0,0,19.2751710415
0.0,0.0,0,19.2905769348
0.0,0.0,0,19.2972090244
0.0,0.0,0,19.3029921055
0.0,0.0,0,19.3092570305
0.0,0.0,0,19.3155810833
0.0,0.0,0,19.3216660023
0.0,0.0,0,19.327450037
0.0,0.0,0,19.3338429928
0.0,0.0,0,19.3401999474
0.0,0.0,0,19.3460929394
0.0,0.0,0,19.3523271084
0.0,0.0,0,19.3613381386
0.0,0.0,0,19.3690710068
0.0,0.0,0,19.3774819374
0.0,0.0,0,19.3849020004
0.0,0.0,0,19.3921890259
0.0,0.0,0,19.4009821415
0.0,0.0,0,19.4091219902
0.0,0.0,0,19.4173791409
0.0,0.0,0,19.4236271381
0.0,0.0,0,19.4298231602
0.0,0.0,0,19.4361100197
0.0,0.0,0,19.4423370361
0.0,0.0,0,19.4487020969
0.0,0.0,0,19.4543440342
0.0,0.0,0,19.4599430561
0.0,0.0,0,19.4655020237
0.0,0.0,0,19.4732000828
0.0,0.0,0,19.4807641506
0.0,0.0,0,19.4875440598
0.0,0.0,0,19.4930610657
0.0,0.0,0,19.4986419678
0.0,0.0,0,19.51009202
0.0,0.0,0,19.5186841488
0.0,0.0,0,19.5256421566
0.0,0.0,0,19.5327241421
0.0,0.0,0,19.5397100449
0.0,0.0,0,19.5483341217
0.0,0.0,0,19.5551030636
0.0,0.0,0,19.5613911152
0.0,0.0,0,19.5700750351
0.0,0.0,0,19.5777721405
0.0,0.0,0,19.5852530003
0.0,0.0,0,19.5933279991
0.0,0.0,0,19.60110116
0.0,0.0,0,19.6087739468
0.0,0.0,0,19.6164140701
0.0,0.0,0,19.6254010201
0.0,0.0,0,19.6326930523
0.0,0.0,0,19.6394510269
0.0,0.0,0,19.646417141
0.0,0.0,0,19.6537239552
0.0,0.0,0,19.6613049507
0.0,0.0,0,19.6687879562
0.0,0.0,0,19.6755809784
0.0,0.0,0,19.6826140881
0.0,0.0,0,19.690737009
0.0,0.0,0,19.6978001595
0.0,0.0,0,19.7050449848
0.0,0.0,0,19.7121241093
0.0,0.0,0,19.7199931145
0.0,0.0,0,19.7262940407
0.0,0.0,0,19.7330000401
0.0,0.0,0,19.7398650646
0.0,0.0,0,19.7468471527
0.0,0.0,0,19.7534451485
0.0,0.0,0,19.7599899769
0.0,0.0,0,19.7665779591
0.0,0.0,0,19.7730391026
0.0,0.0,0,19.7832040787
0.0,0.0,0,19.7886190414
0.0,0.0,0,19.7970299721
0.0,0.0,0,19.8048620224
0.0,0.0,0,19.8115150928
0.0,0.0,0,19.8184771538
0.0,0.0,0,19.8253891468
0.0,0.0,0,19.8341619968
0.0,0.0,0,19.8405151367
0.0,0.0,0,19.8466131687
0.0,0.0,0,19.8534641266
0.0,0.0,0,19.8598971367
0.0,0.0,0,19.8665890694
0.0,0.0,0,19.8729839325
0.0,0.0,0,19.879472971
0.0,0.0,0,19.8854191303
0.0,0.0,0,19.8907740116
0.0,0.0,0,19.8964180946
0.0,0.0,0,19.9050130844
0.0,0.0,0,19.9120559692
0.0,0.0,0,19.9187610149
0.0,0.0,0,19.926169157
0.0,0.0,0,19.9335300922
0.0,0.0,0,19.9408349991
0.0,0.0,0,19.9490189552
0.0,0.0,0,19.9575669765
0.0,0.0,0,19.9678370953
0.0,0.0,0,19.976074934
0.0,0.0,0,19.9840769768
0.0,0.0,0,19.991104126
0.0,0.0,0,20.0008311272
0.0,0.0,0,20.0069949627
0.0,0.0,0,20.0150120258
0.0,0.0,0,20.0250711441
0.0,0.0,0,20.0371630192
0.0,0.0,0,20.0439369678
0.0,0.0,0,20.0511391163
0.0,0.0,0,20.058519125
0.0,0.0,0,20.0650100708
0.0,0.0,0,20.0705800056
0.0,0.0,0,20.0760109425
0.0,0.0,0,20.1023061275
0.0,0.0,0,20.108025074
0.0,0.0,0,20.1193611622
0.0,0.0,0,20.1254200935
0.0,0.0,0,20.1342430115
0.0,0.0,0,20.1398179531
0.0,0.0,0,20.1486520767
0.0,0.0,0,20.1585760117
0.0,0.0,0,20.1657309532
0.0,0.0,0,20.1722829342
0.0,0.0,0,20.1787819862
0.0,0.0,0,20.1857440472
0.0,0.0,0,20.1921720505
0.0,0.0,0,20.1987359524
0.0,0.0,0,20.2052180767
0.0,0.0,0,20.2116799355
0.0,0.0,0,20.218462944
0.0,0.0,0,20.2354559898
0.0,0.0,0,20.2458541393
0.0,0.0,0,20.2538430691
0.0,0.0,0,20.2646911144
0.0,0.0,0,20.2713160515
0.0,0.0,0,20.2778270245
0.0,0.0,0,20.2843530178
0.0,0.0,0,20.2908990383
0.0,0.0,0,20.2972991467
0.0,0.0,0,20.3039870262
0.0,0.0,0,20.3104770184
0.0,0.0,0,20.317168951
0.0,0.0,0,20.3238551617
0.0,0.0,0,20.3310899734
0.0,0.0,0,20.3383910656
0.0,0.0,0,20.3448441029
0.0,0.0,0,20.3532650471
0.0,0.0,0,20.3608391285
0.0,0.0,0,20.3685970306
0.0,0.0,0,20.3784890175
0.0,0.0,0,20.3849771023
0.0,0.0,0,20.391616106
0.0,0.0,0,20.3981339931
0.0,0.0,0,20.4047300816
0.0,0.0,0,20.4111881256
0.0,0.0,0,20.4176540375
0.0,0.0,0,20.4272899628
0.0,0.0,0,20.4342110157
0.0,0.0,0,20.45093894
0.0,0.0,0,20.469835043
0.0,0.0,0,20.481951952
0.0,0.0,0,20.4886980057
0.0,0.0,0,20.4953160286
0.0,0.0,0,20.5020201206
0.0,0.0,0,20.5075011253
0.0,0.0,0,20.521736145
0.0,0.0,0,20.5284149647
0.0,0.0,0,20.5348911285
0.0,0.0,0,20.5419840813
0.0,0.0,0,20.5509819984
0.0,0.0,0,20.5580911636
0.0,0.0,0,20.5652239323
0.0,0.0,0,20.5720551014
0.0,0.0,0,20.578897953
0.0,0.0,0,20.5859849453
0.0,0.0,0,20.5929231644
0.0,0.0,0,20.6009089947
0.0,0.0,0,20.6076860428
0.0,0.0,0,20.614700079
0.0,0.0,0,20.6218521595
0.0,0.0,0,20.6295111179
0.0,0.0,0,20.6358990669
0.0,0.0,0,20.6414561272
0.0,0.0,0,20.6584711075
0.0,0.0,0,20.6671230793
0.0,0.0,0,20.6733579636
0.0,0.0,0,20.6810040474
0.0,0.0,0,20.688313961
0.0,0.0,0,20.6955561638
0.0,0.0,0,20.7026340961
0.0,0.0,0,20.7089869976
0.0,0.0,0,20.7171080112
0.0,0.0,0,20.7243821621
0.0,0.0,0,20.7393119335
0.0,0.0,0,20.7465879917
0.0,0.0,0,20.7532141209
0.0,0.0,0,20.7599959373
0.0,0.0,0,20.7672970295
0.0,0.0,0,20.7747700214
0.0,0.0,0,20.7813529968
0.0,0.0,0,20.7884380817
0.0,0.0,0,20.7983269691
0.0,0.0,0,20.8050470352
0.0,0.0,0,20.8120541573
0.0,0.0,0,20.8255469799
0.0,0.0,0,20.8321139812
0.0,0.0,0,20.8385181427
0.0,0.0,0,20.8445429802
0.0,0.0,0,20.8510811329
0.0,0.0,0,20.8578710556
0.0,0.0,0,20.8678729534
0.0,0.0,0,20.8735220432
0.0,0.0,0,20.8788330555
0.0,0.0,0,20.8872220516
0.0,0.0,0,20.8985519409
0.0,0.0,0,20.9064011574
0.0,0.0,0,20.9141860008
0.0,0.0,0,20.9244861603
0.0,0.0,0,20.9345359802
0.0,0.0,0,20.9436130524
0.0,0.0,0,20.9509861469
0.0,0.0,0,20.9683880806
0.0,0.0,0,20.9759049416
0.0,0.0,0,20.9837319851
0.0,0.0,0,20.9904179573
0.0,0.0,0,20.9981000423
0.0,0.0,0,21.0062890053
0.0,0.0,0,21.013669014
0.0,0.0,0,21.0210781097
0.0,0.0,0,21.0285000801
0.0,0.0,0,21.0364720821
0.0,0.0,0,21.0435271263
0.0,0.0,0,21.0507171154
0.0,0.0,0,21.0603041649
0.0,0.0,0,21.0668540001
0.0,0.0,0,21.0737409592
0.0,0.0,0,21.0801401138
0.0,0.0,0,21.0895271301
0.0,0.0,0,21.0974321365
0.0,0.0,0,21.1059479713
0.0,0.0,0,21.1133260727
0.0,0.0,0,21.120511055
0.0,0.0,0,21.1308009624
0.0,0.0,0,21.1377000809
0.0,0.0,0,21.1446540356
0.0,0.0,0,21.1513600349
0.0,0.0,0,21.1583139896
0.0,0.0,0,21.1675479412
0.0,0.0,0,21.1746320724
0.0,0.0,0,21.1823480129
0.0,0.0,0,21.1899840832
0.0,0.0,0,21.1962120533
0.0,0.0,0,21.2024140358
0.0,0.0,0,21.208646059
0.0,0.0,0,21.2149701118
0.0,0.0,0,21.221159935
0.0,0.0,0,21.2273340225
0.0,0.0,0,21.233716011
0.0,0.0,0,21.2402360439
0.0,0.0,0,21.2466051579
0.0,0.0,0,21.2529809475
0.0,0.0,0,21.2592861652
0.0,0.0,0,21.2658469677
0.0,0.0,0,21.2723419666
0.0,0.0,0,21.2788150311
0.0,0.0,0,21.2853090763
0.0,0.0,0,21.2944910526
0.0,0.0,0,21.3019549847
0.0,0.0,0,21.3085200787
0.0,0.0,0,21.3168370724
0.0,0.0,0,21.3239099979
0.0,0.0,0,21.3309979439
0.0,0.0,0,21.3402659893
0.0,0.0,0,21.3483550549
0.0,0.0,0,21.3550350666
0.0,0.0,0,21.3612570763
0.0,0.0,0,21.3674809933
0.0,0.0,0,21.3744461536
0.0,0.0,0,21.3816349506
0.0,0.0,0,21.3883011341
0.0,0.0,0,21.3962681293
0.0,0.0,0,21.4034321308
0.0,0.0,0,21.4128420353
0.0,0.0,0,21.420249939
0.0,0.0,0,21.4290590286
0.0,0.0,0,21.4360070229
0.0,0.0,0,21.4425899982
0.0,0.0,0,21.4508969784
0.0,0.0,0,21.4583830833
0.0,0.0,0,21.4652650356
0.0,0.0,0,21.4710180759
0.0,0.0,0,21.4770350456
0.0,0.0,0,21.4856641293
0.0,0.0,0,21.491959095
0.0,0.0,0,21.4983329773
0.0,0.0,0,21.5088529587
0.0,0.0,0,21.5143120289
0.0,0.0,0,21.5233690739
0.0,0.0,0,21.5318341255
0.0,0.0,0,21.5387990475
0.0,0.0,0,21.545830965
0.0,0.0,0,21.5558271408
0.0,0.0,0,21.5616390705
0.0,0.0,0,21.5680990219
0.0,0.0,0,21.5739381313
0.0,0.0,0,21.5815629959
0.0,0.0,0,21.5877239704
0.0,0.0,0,21.5933530331
0.0,0.0,0,21.5995240211
0.0,0.0,0,21.6063849926
0.0,0.0,0,21.6132130623
0.0,0.0,0,21.6194331646
0.0,0.0,0,21.62647295
0.0,0.0,0,21.6332981586
0.0,0.0,0,21.642168045
0.0,0.0,0,21.6516880989
0.0,0.0,0,21.6588189602
0.0,0.0,0,21.6665000916
0.0,0.0,0,21.6729099751
0.0,0.0,0,21.6792981625
0.0,0.0,0,21.6851220131
0.0,0.0,0,21.6924540997
0.0,0.0,0,21.6999549866
0.0,0.0,0,21.7073290348
0.0,0.0,0,21.713449955
0.0,0.0,0,21.7222111225
0.0,0.0,0,21.7296209335
0.0,0.0,0,21.7365829945
0.0,0.0,0,21.7438340187
0.0,0.0,0,21.7537479401
0.0,0.0,0,21.7604811192
0.0,0.0,0,21.7673470974
0.0,0.0,0,21.7773449421
0.0,0.0,0,21.7841770649
0.0,0.0,0,21.7918000221
0.0,0.0,0,21.7986500263
0.0,0.0,0,21.806071043
0.0,0.0,0,21.8128421307
0.0,0.0,0,21.8197081089
0.0,0.0,0,21.8265869617
0.0,0.0,0,21.8351960182
0.0,0.0,0,21.842195034
0.0,0.0,0,21.849104166
0.0,0.0,0,21.85876894
0.0,0.0,0,21.865281105
0.0,0.0,0,21.8717970848
0.0,0.0,0,21.8770501614
0.0,0.0,0,21.8824679852
0.0,0.0,0,21.8890099525
0.0,0.0,0,21.897454977
0.0,0.0,0,21.9038929939
0.0,0.0,0,21.910421133
0.0,0.0,0,21.9167361259
0.0,0.0,0,21.9231331348
0.0,0.0,0,21.9325349331
0.0,0.0,0,21.9382059574
0.0,0.0,0,21.946532011
0.0,0.0,0,21.9582970142
0.0,0.0,0,21.9653921127
0.0,0.0,0,21.9731941223
0.0,0.0,0,21.9802780151
0.0,0.0,0,21.9865710735
0.0,0.0,0,21.99187994
0.0,0.0,0,21.9972920418
0.0,0.0,0,22.0058469772
0.0,0.0,0,22.0122289658
0.0,0.0,0,22.0190329552
0.0,0.0,0,22.0263550282
0.0,0.0,0,22.0329420567
0.0,0.0,0,22.0392701626
0.0,0.0,0,22.0460720062
0.0,0.0,0,22.0541939735
0.0,0.0,0,22.0616090298
0.0,0.0,0,22.0677549839
0.0,0.0,0,22.0741369724
0.0,0.0,0,22.0812189579
0.0,0.0,0,22.0883359909
0.0,0.0,0,22.0951590538
0.0,0.0,0,22.102725029
0.0,0.0,0,22.1110391617
0.0,0.0,0,22.1182341576
0.0,0.0,0,22.1257150173
0.0,0.0,0,22.1335921288
0.0,0.0,0,22.1432170868
0.0,0.0,0,22.1491501331
0.0,0.0,0,22.1589720249
0.0,0.0,0,22.1705601215
0.0,0.0,0,22.18343997
0.0,0.0,0,22.194216013
0.0,0.0,0,22.2050559521
0.0,0.0,0,22.211961031
0.0,0.0,0,22.2190110683
0.0,0.0,0,22.2261850834
0.0,0.0,0,22.2352390289
0.0,0.0,0,22.2442030907
0.0,0.0,0,22.2523560524
0.0,0.0,0,22.2624020576
0.0,0.0,0,22.269972086
0.0,0.0,0,22.2771980762
0.0,0.0,0,22.284126997
0.0,0.0,0,22.2926020622
0.0,0.0,0,22.2999560833
0.0,0.0,0,22.3077690601
0.0,0.0,0,22.3152041435
0.0,0.0,0,22.3228650093
0.0,0.0,0,22.329280138
0.0,0.0,0,22.3356630802
0.0,0.0,0,22.3419499397
0.0,0.0,0,22.3482260704
0.0,0.0,0,22.3545670509
0.0,0.0,0,22.3651721478
0.0,0.0,0,22.3730101585
0.0,0.0,0,22.3971750736
0.0,0.0,0,22.4051749706
0.0,0.0,0,22.4146940708
0.0,0.0,0,22.4218289852
0.0,0.0,0,22.4275970459
0.0,0.0,0,22.4343161583
0.0,0.0,0,22.4432859421
0.0,0.0,0,22.4529731274
0.0,0.0,0,22.4618630409
0.0,0.0,0,22.4691500664
0.0,0.0,0,22.4776699543
0.0,0.0,0,22.4839820862
0.0,0.0,0,22.4908690453
0.0,0.0,0,22.4963290691
0.0,0.0,0,22.5049369335
0.0,0.0,0,22.5114510059
0.0,0.0,0,22.5177891254
0.0,0.0,0,22.5241501331
0.0,0.0,0,22.5304300785
0.0,0.0,0,22.5361189842
0.0,0.0,0,22.5421450138
0.0,0.0,0,22.5485651493
0.0,0.0,0,22.554705143
0.0,0.0,0,22.5619220734
0.0,0.0,0,22.5680749416
0.0,0.0,0,22.5770339966
0.0,0.0,0,22.5845401287
0.0,0.0,0,22.5925250053
0.0,0.0,0,22.5994980335
0.0,0.0,0,22.6064929962
0.0,0.0,0,22.6146409512
0.0,0.0,0,22.6210260391
0.0,0.0,0,22.6277029514
0.0,0.0,0,22.6335041523
0.0,0.0,0,22.6390991211
0.0,0.0,0,22.6470470428
0.0,0.0,0,22.6615140438
0.0,0.0,0,22.6687469482
0.0,0.0,0,22.6753089428
0.0,0.0,0,22.6838960648
0.0,0.0,0,22.6911699772
0.0,0.0,0,22.6983880997
0.0,0.0,0,22.705876112
0.0,0.0,0,22.7127120495
0.0,0.0,0,22.7196359634
0.0,0.0,0,22.7251360416
0.0,0.0,0,22.7314231396
0.0,0.0,0,22.7393260002
0.0,0.0,0,22.7459230423
0.0,0.0,0,22.7525169849
0.0,0.0,0,22.7587389946
0.0,0.0,0,22.7670531273
0.0,0.0,0,22.7734620571
0.0,0.0,0,22.7798769474
0.0,0.0,0,22.7885930538
0.0,0.0,0,22.7963149548
0.0,0.0,0,22.8034219742
0.0,0.0,0,22.8122110367
0.0,0.0,0,22.8194849491
0.0,0.0,0,22.82644701
0.0,0.0,0,22.8354260921
0.0,0.0,0,22.8419160843
0.0,0.0,0,22.8487429619
0.0,0.0,0,22.8544149399
0.0,0.0,0,22.8622410297
0.0,0.0,0,22.8697350025
0.0,0.0,0,22.8760011196
0.0,0.0,0,22.8824400902
0.0,0.0,0,22.8893110752
0.0,0.0,0,22.8962860107
0.0,0.0,0,22.9035029411
0.0,0.0,0,22.9102859497
0.0,0.0,0,22.9172179699
0.0,0.0,0,22.9239361286
0.0,0.0,0,22.9324650764
0.0,0.0,0,22.9396910667
0.0,0.0,0,22.9469921589
0.0,0.0,0,22.9544839859
0.0,0.0,0,22.9605629444
0.0,0.0,0,22.9688060284
0.0,0.0,0,22.9748449326
0.0,0.0,0,22.9830091
0.0,0.0,0,22.988929987
0.0,0.0,0,22.9974441528
0.0,0.0,0,23.0041120052
0.0,0.0,0,23.0121431351
0.0,0.0,0,23.0212340355
0.0,0.0,0,23.0290169716
0.0,0.0,0,23.0368249416
0.0,0.0,0,23.0478270054
0.0,0.0,0,23.0558209419
0.0,0.0,0,23.062458992
0.0,0.0,0,23.0721049309
0.0,0.0,0,23.083409071
0.0,0.0,0,23.092769146
0.0,0.0,0,23.102918148
0.0,0.0,0,23.114814043
0.0,0.0,0,23.1220510006
0.0,0.0,0,23.1281549931
0.0,0.0,0,23.1351611614
0.0,0.0,0,23.1420021057
0.0,0.0,0,23.1484351158
0.0,0.0,0,23.154211998
0.0,0.0,0,23.1632890701
0.0,0.0,0,23.1727440357
0.0,0.0,0,23.179970026
0.0,0.0,0,23.187114954
0.0,0.0,0,23.1937720776
0.0,0.0,0,23.2015099525
0.0,0.0,0,23.2105560303
0.0,0.0,0,23.2163879871
0.0,0.0,0,23.2253110409
0.0,0.0,0,23.2324421406
0.0,0.0,0,23.2391409874
0.0,0.0,0,23.2463560104
0.0,0.0,0,23.2531099319
0.0,0.0,0,23.2609410286
0.0,0.0,0,23.2686140537
0.0,0.0,0,23.2770681381
0.0,0.0,0,23.2838060856
0.0,0.0,0,23.2905111313
0.0,0.0,0,23.2974040508
0.0,0.0,0,23.3039541245
0.0,0.0,0,23.3109550476
0.0,0.0,0,23.3192939758
0.0,0.0,0,23.3264970779
0.0,0.0,0,23.3336219788
0.0,0.0,0,23.3407700062
0.0,0.0,0,23.3497481346
0.0,0.0,0,23.3560459614
0.0,0.0,0,23.3625490665
0.0,0.0,0,23.3705439568
0.0,0.0,0,23.3767790794
0.0,0.0,0,23.3830571175
0.0,0.0,0,23.3892810345
0.0,0.0,0,23.3955259323
0.0,0.0,0,23.4031040668
0.0,0.0,0,23.4096670151
0.0,0.0,0,23.4161360264
0.0,0.0,0,23.4256949425
0.0,0.0,0,23.4356491566
0.0,0.0,0,23.4416930676
0.0,0.0,0,23.4467320442
0.0,0.0,0,23.455021143
0.0,0.0,0,23.4625990391
0.0,0.0,0,23.4724199772
0.0,0.0,0,23.4782831669
0.0,0.0,0,23.4853670597
0.0,0.0,0,23.4914939404
0.0,0.0,0,23.4976170063
0.0,0.0,0,23.5031890869
0.0,0.0,0,23.5083191395
0.0,0.0,0,23.5189919472
0.0,0.0,0,23.5256390572
0.0,0.0,0,23.5328021049
0.0,0.0,0,23.5395400524
0.0,0.0,0,23.546090126
0.0,0.0,0,23.5526959896
0.0,0.0,0,23.5608839989
0.0,0.0,0,23.572781086
0.0,0.0,0,23.5803711414
0.0,0.0,0,23.5898680687
0.0,0.0,0,23.5962500572
0.0,0.0,0,23.6026871204
0.0,0.0,0,23.6169600487
0.0,0.0,0,23.6238541603
0.0,0.0,0,23.6341080666
0.0,0.0,0,23.6411719322
0.0,0.0,0,23.6498329639
0.0,0.0,0,23.6571030617
0.0,0.0,0,23.6642551422
0.0,0.0,0,23.674904108
0.0,0.0,0,23.6818721294
0.0,0.0,0,23.6893661022
0.0,0.0,0,23.6951730251
0.0,0.0,0,23.7010140419
0.0,0.0,0,23.7067680359
0.0,0.0,0,23.7165000439
0.0,0.0,0,23.7238430977
0.0,0.0,0,23.7325940132
0.0,0.0,0,23.7399411201
0.0,0.0,0,23.7475390434
0.0,0.0,0,23.7558419704
0.0,0.0,0,23.7621469498
0.0,0.0,0,23.7684390545
0.0,0.0,0,23.7771890163
0.0,0.0,0,23.7837080956
0.0,0.0,0,23.7901771069
0.0,0.0,0,23.7963700294
0.0,0.0,0,23.8029010296
0.0,0.0,0,23.809098959
0.0,0.0,0,23.815459013
0.0,0.0,0,23.8217580318
0.0,0.0,0,23.8283290863
0.0,0.0,0,23.8368611336
0.0,0.0,0,23.8445739746
0.0,0.0,0,23.8509740829
0.0,0.0,0,23.8587441444
0.0,0.0,0,23.8656041622
0.0,0.0,0,23.873855114
0.0,0.0,0,23.8810451031
0.0,0.0,0,23.8901979923
0.0,0.0,0,23.8965799809
0.0,0.0,0,23.9030089378
0.0,0.0,0,23.90883708
0.0,0.0,0,23.9150071144
0.0,0.0,0,23.9216170311
0.0,0.0,0,23.928784132
0.0,0.0,0,23.9355511665
0.0,0.0,0,23.9426250458
0.0,0.0,0,23.9495830536
0.0,0.0,0,23.9569809437
0.0,0.0,0,23.9641840458
0.0,0.0,0,23.9731631279
0.0,0.0,0,23.9828541279
0.0,0.0,0,23.9914250374
0.0,0.0,0,24.0005140305
0.0,0.0,0,24.0080699921
0.0,0.0,0,24.0163209438
0.0,0.0,0,24.0249431133
0.0,0.0,0,24.0351660252
0.0,0.0,0,24.0475759506
0.0,0.0,0,24.0546209812
0.0,0.0,0,24.0623860359
0.0,0.0,0,24.0688869953
0.0,0.0,0,24.0771830082
0.0,0.0,0,24.0869100094
0.0,0.0,0,24.0939080715
0.0,0.0,0,24.101113081
0.0,0.0,0,24.1080601215
0.0,0.0,0,24.1148011684
0.0,0.0,0,24.123486042
0.0,0.0,0,24.1307570934
0.0,0.0,0,24.1377019882
0.0,0.0,0,24.1469669342
0.0,0.0,0,24.1533370018
0.0,0.0,0,24.1596529484
0.0,0.0,0,24.1658880711
0.0,0.0,0,24.1721329689
0.0,0.0,0,24.1804411411
0.0,0.0,0,24.1866700649
0.0,0.0,0,24.1925590038
0.0,0.0,0,24.1994140148
0.0,0.0,0,24.2056331635
0.0,0.0,0,24.2121019363
0.0,0.0,0,24.2184171677
0.0,0.0,0,24.2249209881
0.0,0.0,0,24.2314839363
0.0,0.0,0,24.2377719879
0.0,0.0,0,24.243997097
0.0,0.0,0,24.2505860329
0.0,0.0,0,24.2592980862
0.0,0.0,0,24.2659339905
0.0,0.0,0,24.2744190693
0.0,0.0,0,24.2894310951
0.0,0.0,0,24.2963299751
0.0,0.0,0,24.305257082
0.0,0.0,0,24.3119440079
0.0,0.0,0,24.3191189766
0.0,0.0,0,24.3261611462
0.0,0.0,0,24.3337910175
0.0,0.0,0,24.3405611515
0.0,0.0,0,24.3480730057
0.0,0.0,0,24.3557851315
0.0,0.0,0,24.3632600307
0.0,0.0,0,24.3723249435
0.0,0.0,0,24.3790750504
0.0,0.0,0,24.3856599331
0.0,0.0,0,24.3919639587
0.0,0.0,0,24.3982391357
0.0,0.0,0,24.4043490887
0.0,0.0,0,24.4101009369
0.0,0.0,0,24.4163250923
0.0,0.0,0,24.4225611687
0.0,0.0,0,24.4289281368
0.0,0.0,0,24.4351439476
0.0,0.0,0,24.4416329861
0.0,0.0,0,24.4480900764
0.0,0.0,0,24.4548110962
0.0,0.0,0,24.4628880024
0.0,0.0,0,24.4755461216
0.0,0.0,0,24.4858460426
0.0,0.0,0,24.5199921131
0.0,0.0,0,24.5257711411
0.0,0.0,0,24.5335519314
0.0,0.0,0,24.5407640934
0.0,0.0,0,24.5505421162
0.0,0.0,0,24.5577349663
0.0,0.0,0,24.565374136
0.0,0.0,0,24.5724351406
0.0,0.0,0,24.579513073
0.0,0.0,0,24.5870051384
0.0,0.0,0,24.5950901508
0.0,0.0,0,24.6029310226
0.0,0.0,0,24.6104590893
0.0,0.0,0,24.6188521385
0.0,0.0,0,24.6262509823
0.0,0.0,0,24.633836031
0.0,0.0,0,24.6421740055
0.0,0.0,0,24.6487390995
0.0,0.0,0,24.6553120613
0.0,0.0,0,24.6618289948
0.0,0.0,0,24.6682929993
0.0,0.0,0,24.674904108
0.0,0.0,0,24.688174963
0.0,0.0,0,24.6969809532
0.0,0.0,0,24.7046000957
0.0,0.0,0,24.7120110989
0.0,0.0,0,24.7208459377
0.0,0.0,0,24.728356123
0.0,0.0,0,24.7365250587
0.0,0.0,0,24.7439470291
0.0,0.0,0,24.7516541481
0.0,0.0,0,24.7601230145
0.0,0.0,0,24.7676870823
0.0,0.0,0,24.7760131359
0.0,0.0,0,24.7859549522
0.0,0.0,0,24.7924499512
0.0,0.0,0,24.7995979786
0.0,0.0,0,24.805824995
0.0,0.0,0,24.8118169308
0.0,0.0,0,24.8178429604
0.0,0.0,0,24.8245429993
0.0,0.0,0,24.8313889503
0.0,0.0,0,24.8378100395
0.0,0.0,0,24.8439669609
0.0,0.0,0,24.8500740528
0.0,0.0,0,24.856678009
0.0,0.0,0,24.8633720875
0.0,0.0,0,24.8699259758
0.0,0.0,0,24.8767271042
0.0,0.0,0,24.8912050724
0.0,0.0,0,24.8997349739
0.0,0.0,0,24.9107999802
0.0,0.0,0,24.9217331409
0.0,0.0,0,24.9328751564
0.0,0.0,0,24.9420249462
0.0,0.0,0,24.9529590607
0.0,0.0,0,24.9661180973
0.0,0.0,0,24.9736270905
0.0,0.0,0,24.9800961018
0.0,0.0,0,24.9879691601
0.0,0.0,0,24.9960100651
0.0,0.0,0,25.0037469864
0.0,0.0,0,25.0111370087
0.0,0.0,0,25.0201399326
0.0,0.0,0,25.0267021656
0.0,0.0,0,25.0333721638
0.0,0.0,0,25.0402591228
0.0,0.0,0,25.0466921329
0.0,0.0,0,25.0532791615
0.0,0.0,0,25.0598020554
0.0,0.0,0,25.0663771629
0.0,0.0,0,25.0728549957
0.0,0.0,0,25.0794889927
0.0,0.0,0,25.0875630379
0.0,0.0,0,25.097851038
0.0,0.0,0,25.105711937
0.0,0.0,0,25.1145181656
0.0,0.0,0,25.1218810081
0.0,0.0,0,25.1293301582
0.0,0.0,0,25.1385991573
0.0,0.0,0,25.1449589729
0.0,0.0,0,25.1514911652
0.0,0.0,0,25.1580791473
0.0,0.0,0,25.1647131443
0.0,0.0,0,25.1712291241
0.0,0.0,0,25.1776731014
0.0,0.0,0,25.1843230724
0.0,0.0,0,25.1930501461
0.0,0.0,0,25.199682951
0.0,0.0,0,25.207046032
0.0,0.0,0,25.2144191265
0.0,0.0,0,25.2214009762
0.0,0.0,0,25.2284510136
0.0,0.0,0,25.2378599644
0.0,0.0,0,25.2456099987
0.0,0.0,0,25.253371954
0.0,0.0,0,25.2631320953
0.0,0.0,0,25.2697310448
0.0,0.0,0,25.2761170864
0.0,0.0,0,25.282045126
0.0,0.0,0,25.2899470329
0.0,0.0,0,25.2964770794
0.0,0.0,0,25.3074960709
0.0,0.0,0,25.3151819706
0.0,0.0,0,25.3228390217
0.0,0.0,0,25.3299369812
0.0,0.0,0,25.3389599323
0.0,0.0,0,25.3454790115
0.0,0.0,0,25.352918148
0.0,0.0,0,25.3598899841
0.0,0.0,0,25.3671340942
0.0,0.0,0,25.3748421669
0.0,0.0,0,25.382956028
0.0,0.0,0,25.3925549984
0.0,0.0,0,25.4049019814
0.0,0.0,0,25.4132380486
0.0,0.0,0,25.4198570251
0.0,0.0,0,25.4262421131
0.0,0.0,0,25.4327170849
0.0,0.0,0,25.4399149418
0.0,0.0,0,25.4464421272
0.0,0.0,0,25.4528269768
0.0,0.0,0,25.4593830109
0.0,0.0,0,25.4659161568
0.0,0.0,0,25.4723939896
0.0,0.0,0,25.4802100658
0.0,0.0,0,25.4879789352
0.0,0.0,0,25.5218310356
0.0,0.0,0,25.5299320221
0.0,0.0,0,25.5371651649
0.0,0.0,0,25.5446360111
0.0,0.0,0,25.5518491268
0.0,0.0,0,25.5589780807
0.0,0.0,0,25.5658521652
0.0,0.0,0,25.5734601021
0.0,0.0,0,25.5799510479
0.0,0.0,0,25.5873241425
0.0,0.0,0,25.5945100784
0.0,0.0,0,25.6025619507
0.0,0.0,0,25.6102249622
0.0,0.0,0,25.6173620224
0.0,0.0,0,25.6241719723
0.0,0.0,0,25.6313359737
0.0,0.0,0,25.638174057
0.0,0.0,0,25.6444981098
0.0,0.0,0,25.6543929577
0.0,0.0,0,25.6615440845
0.0,0.0,0,25.6681849957
0.0,0.0,0,25.6780049801
0.0,0.0,0,25.6843791008
0.0,0.0,0,25.6911489964
0.0,0.0,0,25.7055740356
0.0,0.0,0,25.7121150494
0.0,0.0,0,25.7183890343
0.0,0.0,0,25.7251420021
0.0,0.0,0,25.7351350784
0.0,0.0,0,25.7416851521
0.0,0.0,0,25.7484500408
0.0,0.0,0,25.7573411465
0.0,0.0,0,25.7650649548
0.0,0.0,0,25.7720310688
0.0,0.0,0,25.7792899609
0.0,0.0,0,25.7859840393
0.0,0.0,0,25.7966210842
0.0,0.0,0,25.8026871681
0.0,0.0,0,25.8116631508
0.0,0.0,0,25.8186559677
0.0,0.0,0,25.8286540508
0.0,0.0,0,25.8380420208
0.0,0.0,0,25.8460350037
0.0,0.0,0,25.8564040661
0.0,0.0,0,25.8636319637
0.0,0.0,0,25.8710260391
0.0,0.0,0,25.8766000271
0.0,0.0,0,25.8844611645
0.0,0.0,0,25.8942279816
0.0,0.0,0,25.9077839851
0.0,0.0,0,25.9165589809
0.0,0.0,0,25.9228770733
0.0,0.0,0,25.929598093
0.0,0.0,0,25.9411830902
0.0,0.0,0,25.9498710632
0.0,0.0,0,25.9590950012
0.0,0.0,0,25.9664039612
0.0,0.0,0,25.9735889435
0.0,0.0,0,25.9829950333
0.0,0.0,0,25.9893529415
0.0,0.0,0,25.9956901073
0.0,0.0,0,26.0019490719
0.0,0.0,0,26.0085010529
0.0,0.0,0,26.0158929825
0.0,0.0,0,26.0233700275
0.0,0.0,0,26.0306200981
0.0,0.0,0,26.0379869938
0.0,0.0,0,26.0462009907
0.0,0.0,0,26.0549809933
0.0,0.0,0,26.0637719631
0.0,0.0,0,26.0712399483
0.0,0.0,0,26.0795021057
0.0,0.0,0,26.0871920586
0.0,0.0,0,26.1088850498
0.0,0.0,0,26.1140451431
0.0,0.0,0,26.1191010475
0.0,0.0,0,26.1269221306
0.0,0.0,0,26.1321239471
0.0,0.0,0,26.138365984
0.0,0.0,0,26.145827055
0.0,0.0,0,26.1557970047
0.0,0.0,0,26.1614129543
0.0,0.0,0,26.1716270447
0.0,0.0,0,26.1771011353
0.0,0.0,0,26.1853449345
0.0,0.0,0,26.1952490807
0.0,0.0,0,26.2029271126
0.0,0.0,0,26.2207181454
0.0,0.0,0,26.2360160351
0.0,0.0,0,26.2448980808
0.0,0.0,0,26.2568321228
0.0,0.0,0,26.2641370296
0.0,0.0,0,26.2707560062
0.0,0.0,0,26.2772669792
0.0,0.0,0,26.2833809853
0.0,0.0,0,26.2893209457
0.0,0.0,0,26.2958440781
0.0,0.0,0,26.302216053
0.0,0.0,0,26.3095350266
0.0,0.0,0,26.3164880276
0.0,0.0,0,26.3309471607
0.0,0.0,0,26.3447649479
0.0,0.0,0,26.3519189358
0.0,0.0,0,26.3592250347
0.0,0.0,0,26.369740963
0.0,0.0,0,26.3777050972
0.0,0.0,0,26.3880290985
0.0,0.0,0,26.3957650661
0.0,0.0,0,26.4112751484
0.0,0.0,0,26.4269070625
0.0,0.0,0,26.435639143
0.0,0.0,0,26.4431359768
0.0,0.0,0,26.4501399994
0.0,0.0,0,26.459569931
0.0,0.0,0,26.4678969383
0.0,0.0,0,26.4785079956
0.0,0.0,0,26.4849760532
0.0,0.0,0,26.4984500408
0.0,0.0,0,26.5066449642
0.0,0.0,0,26.5153529644
0.0,0.0,0,26.5225970745
0.0,0.0,0,26.5293221474
0.0,0.0,0,26.5402369499
0.0,0.0,0,26.548320055
0.0,0.0,0,26.5551049709
0.0,0.0,0,26.5632491112
0.0,0.0,0,26.5700941086
0.0,0.0,0,26.5825190544
0.0,0.0,0,26.5900690556
0.0,0.0,0,26.5981259346
0.0,0.0,0,26.6065330505
0.0,0.0,0,26.6120650768
0.0,0.0,0,26.6203050613
0.0,0.0,0,26.6286599636
0.0,0.0,0,26.6377780437
0.0,0.0,0,26.6453659534
0.0,0.0,0,26.6525630951
0.0,0.0,0,26.6677680016
0.0,0.0,0,26.6764090061
0.0,0.0,0,26.6834411621
0.0,0.0,0,26.6906650066
0.0,0.0,0,26.6973409653
0.0,0.0,0,26.7079429626
0.0,0.0,0,26.7158169746
0.0,0.0,0,26.7231719494
0.0,0.0,0,26.7318580151
0.0,0.0,0,26.739495039
0.0,0.0,0,26.7463231087
0.0,0.0,0,26.7593660355
0.0,0.0,0,26.7648890018
0.0,0.0,0,26.7708590031
0.0,0.0,0,26.7866530418
0.0,0.0,0,26.7947740555
0.0,0.0,0,26.8017480373
0.0,0.0,0,26.8089251518
0.0,0.0,0,26.8160760403
0.0,0.0,0,26.8235430717
0.0,0.0,0,26.8316299915
0.0,0.0,0,26.8397331238
0.0,0.0,0,26.8480379581
0.0,0.0,0,26.855533123
0.0,0.0,0,26.8633451462
0.0,0.0,0,26.8730111122
0.0,0.0,0,26.8827869892
0.0,0.0,0,26.8927719593
0.0,0.0,0,26.9014210701
0.0,0.0,0,26.911411047
0.0,0.0,0,26.9207291603
0.0,0.0,0,26.9282100201
0.0,0.0,0,26.937235117
0.0,0.0,0,26.9438140392
0.0,0.0,0,26.950783968
0.0,0.0,0,26.9582369328
0.0,0.0,0,26.9646270275
0.0,0.0,0,26.9743390083
0.0,0.0,0,26.9816861153
0.0,0.0,0,26.9883949757
0.0,0.0,0,26.9937241077
0.0,0.0,0,27.0055611134
0.0,0.0,0,27.0126950741
0.0,0.0,0,27.022372961
0.0,0.0,0,27.029073
0.0,0.0,0,27.038877964
0.0,0.0,0,27.0481090546
0.0,0.0,0,27.0562729836
0.0,0.0,0,27.0644879341
0.0,0.0,0,27.0848109722
0.0,0.0,0,27.091892004
0.0,0.0,0,27.0990860462
0.0,0.0,0,27.1059241295
0.0,0.0,0,27.1134970188
0.0,0.0,0,27.1211781502
0.0,0.0,0,27.1289830208
0.0,0.0,0,27.1370811462
0.0,0.0,0,27.1447870731
0.0,0.0,0,27.1521110535
0.0,0.0,0,27.1622409821
0.0,0.0,0,27.1699769497
0.0,0.0,0,27.1779539585
0.0,0.0,0,27.1854410172
0.0,0.0,0,27.1976630688
0.0,0.0,0,27.2041971684
0.0,0.0,0,27.2109019756
0.0,0.0,0,27.2303731441
0.0,0.0,0,27.2407860756
0.0,0.0,0,27.2494831085
0.0,0.0,0,27.2566950321
0.0,0.0,0,27.2642769814
0.0,0.0,0,27.2825200558
0.0,0.0,0,27.2900941372
0.0,0.0,0,27.2969751358
0.0,0.0,0,27.3047800064
0.0,0.0,0,27.3134329319
0.0,0.0,0,27.3210561275
0.0,0.0,0,27.3281760216
0.0,0.0,0,27.3397760391
0.0,0.0,0,27.3455629349
0.0,0.0,0,27.3601391315
0.0,0.0,0,27.3673670292
0.0,0.0,0,27.3738231659
0.0,0.0,0,27.380975008
0.0,0.0,0,27.3875141144
0.0,0.0,0,27.3940031528
0.0,0.0,0,27.4013600349
0.0,0.0,0,27.4107251167
0.0,0.0,0,27.4206840992
0.0,0.0,0,27.4274790287
0.0,0.0,0,27.4391140938
0.0,0.0,0,27.4499211311
0.0,0.0,0,27.4577889442
0.0,0.0,0,27.4696381092
0.0,0.0,0,27.4842641354
0.0,0.0,0,27.4917900562
0.0,0.0,0,27.4989759922
0.0,0.0,0,27.5069191456
0.0,0.0,0,27.5144879818
0.0,0.0,0,27.5221099854
0.0,0.0,0,27.5300331116
0.0,0.0,0,27.5374729633
0.0,0.0,0,27.5473721027
0.0,0.0,0,27.554516077
0.0,0.0,0,27.5618779659
0.0,0.0,0,27.573390007
0.0,0.0,0,27.5881791115
0.0,0.0,0,27.5959730148
0.0,0.0,0,27.6032879353
0.0,0.0,0,27.609842062
0.0,0.0,0,27.617401123
0.0,0.0,0,27.6244139671
0.0,0.0,0,27.6320021152
0.0,0.0,0,27.6420750618
0.0,0.0,0,27.6485199928
0.0,0.0,0,27.6596770287
0.0,0.0,0,27.6695301533
0.0,0.0,0,27.6774139404
0.0,0.0,0,27.6850509644
0.0,0.0,0,27.6973409653
0.0,0.0,0,27.7044150829
0.0,0.0,0,27.7113139629
0.0,0.0,0,27.7258059978
0.0,0.0,0,27.7351579666
0.0,0.0,0,27.7434711456
0.0,0.0,0,27.7506639957
0.0,0.0,0,27.7576041222
0.0,0.0,0,27.7655789852
0.0,0.0,0,27.7734999657
0.0,0.0,0,27.7832150459
0.0,0.0,0,27.7903280258
0.0,0.0,0,27.7978069782
0.0,0.0,0,27.8102450371
0.0,0.0,0,27.8177671432
0.0,0.0,0,27.8369510174
0.0,0.0,0,27.8452830315
0.0,0.0,0,27.8554711342
0.0,0.0,0,27.8622641563
0.0,0.0,0,27.8687520027
0.0,0.0,0,27.8876011372
0.0,0.0,0,27.9014770985
0.0,0.0,0,27.9156620502
0.0,0.0,0,27.926128149
0.0,0.0,0,27.9361419678
0.0,0.0,0,27.9513821602
0.0,0.0,0,27.9605331421
0.0,0.0,0,27.9662809372
0.0,0.0,0,27.9746830463
0.0,0.0,0,27.9818329811
0.0,0.0,0,27.990126133
0.0,0.0,0,27.9979300499
0.0,0.0,0,28.0058250427
0.0,0.0,0,28.0129020214
0.0,0.0,0,28.0227200985
0.0,0.0,0,28.0300121307
0.0,0.0,0,28.0375850201
0.0,0.0,0,28.0475239754
0.0,0.0,0,28.0548520088
0.0,0.0,0,28.0615799427
0.0,0.0,0,28.0690040588
0.0,0.0,0,28.0812389851
0.0,0.0,0,28.1008141041
0.0,0.0,0,28.1078851223
0.0,0.0,0,28.1151800156
0.0,0.0,0,28.1221339703
0.0,0.0,0,28.130188942
0.0,0.0,0,28.1408450603
0.0,0.0,0,28.1493780613
0.0,0.0,0,28.1570811272
0.0,0.0,0,28.1651380062
0.0,0.0,0,28.1725349426
0.0,0.0,0,28.1796700954
0.0,0.0,0,28.1877880096
0.0,0.0,0,28.1954770088
0.0,0.0,0,28.2025649548
0.0,0.0,0,28.2108230591
0.0,0.0,0,28.2187080383
0.0,0.0,0,28.2246079445
0.0,0.0,0,28.2335560322
0.0,0.0,0,28.2509651184
0.0,0.0,0,28.2599020004
0.0,0.0,0,28.2670941353
0.0,0.0,0,28.2731230259
0.0,0.0,0,28.288891077
0.0,0.0,0,28.2969660759
0.0,0.0,0,28.3044331074
0.0,0.0,0,28.3114910126
0.0,0.0,0,28.3186831474
0.0,0.0,0,28.325523138
0.0,0.0,0,28.335103035
0.0,0.0,0,28.3408620358
0.0,0.0,0,28.3491110802
0.0,0.0,0,28.3616650105
0.0,0.0,0,28.3680210114
0.0,0.0,0,28.3747060299
0.0,0.0,0,28.3809580803
0.0,0.0,0,28.3873341084
0.0,0.0,0,28.4038500786
0.0,0.0,0,28.4107379913
0.0,0.0,0,28.4175291061
0.0,0.0,0,28.4251439571
0.0,0.0,0,28.4324979782
0.0,0.0,0,28.4391281605
0.0,0.0,0,28.4465661049
0.0,0.0,0,28.4573171139
0.0,0.0,0,28.4644300938
0.0,0.0,0,28.4714119434
0.0,0.0,0,28.4811329842
0.0,0.0,0,28.4899389744
0.0,0.0,0,28.5040221214
0.0,0.0,0,28.511562109
0.0,0.0,0,28.518969059
0.0,0.0,0,28.5333480835
0.0,0.0,0,28.5419449806
0.0,0.0,0,28.5515401363
0.0,0.0,0,28.5597240925
0.0,0.0,0,28.5805721283
0.0,0.0,0,28.586135149
0.0,0.0,0,28.5955791473
0.0,0.0,0,28.6044960022
0.0,0.0,0,28.6121201515
0.0,0.0,0,28.6196789742
0.0,0.0,0,28.6268391609
0.0,0.0,0,28.6347589493
0.0,0.0,0,28.6412961483
0.0,0.0,0,28.6475510597
0.0,0.0,0,28.655725956
0.0,0.0,0,28.6623311043
0.0,0.0,0,28.6686170101
0.0,0.0,0,28.6748161316
0.0,0.0,0,28.6810290813
0.0,0.0,0,28.69008708
0.0,0.0,0,28.7026560307
0.0,0.0,0,28.7087831497
0.0,0.0,0,28.7185020447
0.0,0.0,0,28.7257931232
0.0,0.0,0,28.734498024
0.0,0.0,0,28.7404539585
0.0,0.0,0,28.7463719845
0.0,0.0,0,28.7552080154
0.0,0.0,0,28.7618310452
0.0,0.0,0,28.767770052
0.0,0.0,0,28.7738180161
0.0,0.0,0,28.7800011635
0.0,0.0,0,28.7863349915
0.0,0.0,0,28.7925641537
0.0,0.0,0,28.7988810539
0.0,0.0,0,28.8045179844
0.0,0.0,0,28.8127040863
0.0,0.0,0,28.8205161095
0.0,0.0,0,28.8277699947
0.0,0.0,0,28.8349311352
0.0,0.0,0,28.8428161144
0.0,0.0,0,28.8525099754
0.0,0.0,0,28.8686599731
0.0,0.0,0,28.878909111
0.0,0.0,0,28.890638113
0.0,0.0,0,28.898774147
0.0,0.0,0,28.9070601463
0.0,0.0,0,28.9157240391
0.0,0.0,0,28.9207561016
0.0,0.0,0,28.9342710972
0.0,0.0,0,28.9422490597
0.0,0.0,0,28.9493780136
0.0,0.0,0,28.9569990635
0.0,0.0,0,28.9666290283
0.0,0.0,0,28.9735240936
0.0,0.0,0,28.9804680347
0.0,0.0,0,28.9875490665
0.0,0.0,0,28.994863987
0.0,0.0,0,29.0018899441
0.0,0.0,0,29.0090670586
0.0,0.0,0,29.0159349442
0.0,0.0,0,29.0239241123
0.0,0.0,0,29.0309259892
0.0,0.0,0,29.038020134
0.0,0.0,0,29.0456960201
0.0,0.0,0,29.0520119667
0.0,0.0,0,29.0592639446
0.0,0.0,0,29.0664391518
0.0,0.0,0,29.0728509426
0.0,0.0,0,29.079087019
0.0,0.0,0,29.0854251385
0.0,0.0,0,29.0917439461
0.0,0.0,0,29.0980470181
0.0,0.0,0,29.1047179699
0.0,0.0,0,29.1114029884
0.0,0.0,0,29.1176080704
0.0,0.0,0,29.1242160797
0.0,0.0,0,29.1305880547
0.0,0.0,0,29.1393380165
0.0,0.0,0,29.1514811516
0.0,0.0,0,29.1599650383
0.0,0.0,0,29.1669170856
0.0,0.0,0,29.1739959717
0.0,0.0,0,29.1816051006
0.0,0.0,0,29.1879770756
0.0,0.0,0,29.1946280003
0.0,0.0,0,29.2011480331
0.0,0.0,0,29.2074639797
0.0,0.0,0,29.2130739689
0.0,0.0,0,29.2184760571
0.0,0.0,0,29.2237961292
0.0,0.0,0,29.2290780544
0.0,0.0,0,29.2343900204
0.0,0.0,0,29.2425220013
0.0,0.0,0,29.2536220551
0.0,0.0,0,29.2605390549
0.0,0.0,0,29.2699320316
0.0,0.0,0,29.2762579918
0.0,0.0,0,29.2870919704
0.0,0.0,0,29.2931351662
0.0,0.0,0,29.2987620831
0.0,0.0,0,29.3047881126
0.0,0.0,0,29.3113980293
0.0,0.0,0,29.3175289631
0.0,0.0,0,29.3237709999
0.0,0.0,0,29.329529047
0.0,0.0,0,29.3354480267
0.0,0.0,0,29.3416261673
0.0,0.0,0,29.3504230976
0.0,0.0,0,29.3632030487
0.0,0.0,0,29.3702280521
0.0,0.0,0,29.3755910397
0.0,0.0,0,29.3810119629
0.0,0.0,0,29.3928611279
0.0,0.0,0,29.4013130665
0.0,0.0,0,29.4085180759
0.0,0.0,0,29.4150280952
0.0,0.0,0,29.4214701653
0.0,0.0,0,29.427726984
0.0,0.0,0,29.4344220161
0.0,0.0,0,29.441133976
0.0,0.0,0,29.4478170872
0.0,0.0,0,29.4547319412
0.0,0.0,0,29.4618549347
0.0,0.0,0,29.4706971645
0.0,0.0,0,29.4773449898
0.0,0.0,0,29.485090971
0.0,0.0,0,29.492205143
0.0,0.0,0,29.4995291233
0.0,0.0,0,29.5064189434
0.0,0.0,0,29.5145730972
0.0,0.0,0,29.5235080719
0.0,0.0,0,29.5311160088
0.0,0.0,0,29.5399501324
0.0,0.0,0,29.571447134
0.0,0.0,0,29.5795891285
0.0,0.0,0,29.5888559818
0.0,0.0,0,29.5962560177
0.0,0.0,0,29.6019051075
0.0,0.0,0,29.6098721027
0.0,0.0,0,29.6174080372
0.0,0.0,0,29.6287751198
0.0,0.0,0,29.6358611584
0.0,0.0,0,29.6428101063
0.0,0.0,0,29.6496939659
0.0,0.0,0,29.6565890312
0.0,0.0,0,29.6637060642
0.0,0.0,0,29.6705510616
0.0,0.0,0,29.6784050465
0.0,0.0,0,29.6865661144
0.0,0.0,0,29.693652153
0.0,0.0,0,29.7136111259
0.0,0.0,0,29.7200541496
0.0,0.0,0,29.7262761593
0.0,0.0,0,29.7324061394
0.0,0.0,0,29.7386200428
0.0,0.0,0,29.7453269958
0.0,0.0,0,29.7519581318
0.0,0.0,0,29.7577409744
0.0,0.0,0,29.7638421059
0.0,0.0,0,29.7723619938
0.0,0.0,0,29.7781851292
0.0,0.0,0,29.7866680622
0.0,0.0,0,29.7948541641
0.0,0.0,0,29.8015470505
0.0,0.0,0,29.8080000877
0.0,0.0,0,29.8150680065
0.0,0.0,0,29.8264040947
0.0,0.0,0,29.833616972
0.0,0.0,0,29.8409049511
0.0,0.0,0,29.848334074
0.0,0.0,0,29.8557350636
0.0,0.0,0,29.8635430336
0.0,0.0,0,29.8712830544
0.0,0.0,0,29.8804380894
0.0,0.0,0,29.8953740597
0.0,0.0,0,29.9128410816
0.0,0.0,0,29.9302921295
0.0,0.0,0,29.9366819859
0.0,0.0,0,29.9432470798
0.0,0.0,0,29.9500510693
0.0,0.0,0,29.9559841156
0.0,0.0,0,29.962927103
0.0,0.0,0,29.9735341072
0.0,0.0,0,29.9886240959
0.0,0.0,0,29.9944710732
