-1.64058837891,0.984353027344,8.95497802734,6.1710133939,10.3208737988,-10.3208737988,-6.1710133939l,
0.682580566406,-0.241896972656,11.378737793,-1.21566468548,-3.4321357703,3.4321357703,1.21566468548l,
0.756826171875,-0.502954101562,7.59939697266,-3.76792325803,-5.6750160447,5.6750160447,3.76792325803l,
-1.4944921875,-2.78780273438,10.1309326172,-15.2286586406,8.09493817807,-8.09493817807,15.2286586406l,
-0.526904296875,0.0790356445313,10.4542602539,0.432606620931,2.88523598611,-2.88523598611,-0.432606620931l,
-2.47166015625,-4.42599609375,10.5261108398,-22.2614572332,12.2135812321,-12.2135812321,22.2614572332l,
-0.962797851563,-1.89685546875,9.49385742188,-11.2426285962,5.67923224118,-5.67923224118,11.2426285962l,
-0.352067871094,-1.46335693359,10.1453027344,-8.20285556472,1.9671700234,-1.9671700234,8.20285556472l,
-1.33163085938,-0.598754882812,7.7023828125,-4.38030184407,9.77972321403,-9.77972321403,4.38030184407l,
-1.43701171875,1.71722900391,10.6314916992,9.09403609563,7.60043052142,-7.60043052142,-9.09403609563l,
0.0934057617188,0.752036132813,11.7739160156,3.65457779941,-0.453609543553,0.453609543553,-3.65457779941l,
-1.21906494141,-1.02027832031,9.68545898437,-5.9666977914,7.13476949338,-7.13476949338,5.9666977914l,
-0.974772949219,-0.543669433594,10.8805737305,-2.8491262688,5.11302398971,-5.11302398971,2.8491262688l,
-1.76512939453,2.51716552734,10.2315234375,13.6278057741,9.51007774769,-9.51007774769,-13.6278057741l,
-1.60226806641,-1.77710449219,9.96328125,-9.98753768018,8.99632182091,-8.99632182091,9.98753768018l,
-1.25499023438,-1.05141357422,10.2770288086,-5.79866539673,6.92646287668,-6.92646287668,5.79866539673l,
-0.752036132813,-2.22018310547,8.32269287109,-14.8786347373,4.98964906735,-4.98964906735,14.8786347373l,
-0.696950683594,-3.34344726563,12.3008203125,-15.182798056,3.12954169047,-3.12954169047,15.182798056l,
-2.55788085937,-2.46687011719,11.4721435547,-11.8530700786,12.2970803945,-12.2970803945,11.8530700786l,
-2.41178466797,1.19511474609,9.05796386719,7.26593200249,14.7872569831,-14.7872569831,-7.26593200249l,
0.184416503906,-3.13747558594,9.06035888672,-19.0965854017,-1.10187196538,1.10187196538,19.0965854017l,
-3.33147216797,2.05971679688,8.75619140625,12.3994695113,20.3227045563,-20.3227045563,-12.3994695113l,
-1.06817871094,-3.81287109375,12.0565283203,-17.4852383186,4.82853501248,-4.82853501248,17.4852383186l,
0.225131835938,-2.97940429688,10.5620361328,-15.7496253044,-1.17523591655,1.17523591655,15.7496253044l,
0.684975585938,-2.18904785156,10.1309326172,-12.1658285951,-3.7810155625,3.7810155625,12.1658285951l,
-0.934057617188,0.467028808594,13.105546875,2.03576712171,4.07410997209,-4.07410997209,-2.03576712171l,
-0.395178222656,0.828676757813,10.3895947266,4.55699086588,2.17136081617,-2.17136081617,-4.55699086588l,
-2.16988769531,-2.05253173828,9.68066894531,-11.689019596,12.3676297787,-12.3676297787,11.689019596l,
-0.316142578125,1.10649902344,10.9739794922,5.75526435105,1.64182208755,-1.64182208755,-5.75526435105l,
2.38543945313,-1.37953125,9.82437011719,-7.77027746484,-13.5200780972,13.5200780972,7.77027746484l,
-2.29682373047,-0.787961425781,11.2158764648,-3.93721804433,11.5455178378,-11.5455178378,3.93721804433l,
-2.35430419922,3.15663574219,11.3715527344,15.2070440502,11.2818942546,-11.2818942546,-15.2070440502l,
1.00351318359,0.354462890625,7.04375244141,2.85211500106,-8.09817036562,8.09817036562,-2.85211500106l,
-0.668210449219,-4.19367919922,10.4734204102,-21.7816078642,3.38960915308,-3.38960915308,21.7816078642l,
1.16158447266,-0.97716796875,11.6757202148,-4.76067392074,-5.66183512117,5.66183512117,4.76067392074l,
-3.07520507813,-2.12198730469,9.57049804688,-11.9196906163,17.4167939622,-17.4167939622,11.9196906163l,
-2.54111572266,1.04901855469,9.10586425781,6.33179886592,15.4949733811,-15.4949733811,-6.33179886592l,
-1.15679443359,-2.96503417969,9.6950390625,-16.8922762588,6.50937581701,-6.50937581701,16.8922762588l,
-0.852626953125,-1.89925048828,10.7153173828,-10.0200512074,4.47995195893,-4.47995195893,10.0200512074l,
0.366437988281,-1.91122558594,10.7751928711,-10.0524084003,-1.9178269079,1.9178269079,10.0524084003l,
0.05748046875,0.584384765625,10.2674487305,3.25749592737,-0.320238516503,0.320238516503,-3.25749592737l,
-1.47533203125,-3.29315185547,11.4338232422,-15.9420068019,7.06813569221,-7.06813569221,15.9420068019l,
-2.38783447266,-1.86811523438,9.65671875,-10.6360550035,13.6457498135,-13.6457498135,10.6360550035l,
0.82388671875,0.0838256835938,8.53105957031,0.560359873595,-5.51596585705,5.51596585705,-0.560359873595l,
-0.471818847656,-1.98786621094,9.886640625,-11.356054797,2.67871601015,-2.67871601015,11.356054797l,
-0.543669433594,1.05380859375,12.3319555664,4.87954168215,2.515165655,-2.515165655,-4.87954168215l,
0.244291992188,-1.59508300781,9.32620605469,-9.70225914294,-1.47900453577,1.47900453577,9.70225914294l,
0.617915039063,-2.41896972656,10.8374633789,-12.5626698783,-3.18506726822,3.18506726822,12.5626698783l,
-0.591569824219,1.52802246094,9.4651171875,9.15299521213,3.53073915577,-3.53073915577,-9.15299521213l,
0.028740234375,-1.74357421875,11.0122998047,-8.99691067773,-0.14769219625,0.14769219625,8.99691067773l,
-2.23455322266,-0.9196875,8.0089453125,-6.31171931003,15.4926077301,-15.4926077301,6.31171931003l,
0.898132324219,-2.02379150391,7.92990966797,-14.2295977545,-6.26265645112,6.26265645112,14.2295977545l,
-0.45984375,0.423918457031,8.86875732422,2.73293718728,2.96474085619,-2.96474085619,-2.73293718728l,
-0.922082519531,0.170046386719,9.79562988281,0.990145014188,5.37671691032,-5.37671691032,-0.990145014188l,
0.352067871094,-2.33514404297,11.9080371094,-11.0900851728,-1.66185566655,1.66185566655,11.0900851728l,
-0.90052734375,-0.890947265625,9.52499267578,-5.32018768226,5.37756166627,-5.37756166627,5.32018768226l,
-3.55420898438,-0.44068359375,9.98483642578,-2.38096373975,19.5761227692,-19.5761227692,2.38096373975l,
0.131726074219,-2.85486328125,11.1727661133,-14.3325588319,-0.654456495392,0.654456495392,14.3325588319l,
-0.974772949219,-2.29203369141,9.80520996094,-13.0947167976,5.52924087661,-5.52924087661,13.0947167976l,
-0.028740234375,0.411943359375,12.0517382813,1.95767304667,0.136555396082,-0.136555396082,-1.95767304667l,
0.943637695313,-3.50630859375,7.64011230469,-24.4879935142,-6.40486319222,6.40486319222,24.4879935142l,
0.55564453125,-4.56251220703,9.17052978516,-26.4093717518,-3.10509677065,3.10509677065,26.4093717518l,
0.162861328125,-1.39390136719,9.62079345703,-8.24272655209,-0.959794012421,0.959794012421,8.24272655209l,
-1.09452392578,-3.66198486328,9.32860107422,-21.2998218011,6.23292501436,-6.23292501436,21.2998218011l,
-1.15200439453,-0.160466308594,10.0423168945,-0.90948842647,6.54325174399,-6.54325174399,0.90948842647l,
-1.6477734375,-2.64649658203,8.21491699219,-17.5295493905,10.8088477934,-10.8088477934,17.5295493905l,
-1.64058837891,-0.296982421875,11.1607910156,-1.50805093258,8.35942925724,-8.35942925724,1.50805093258l,
-0.0383203125,-3.29315185547,9.99920654297,-18.2287247772,0.208556191288,-0.208556191288,18.2287247772l,
-2.09085205078,-1.26936035156,10.5955664063,-6.70347730999,11.0856271969,-11.0856271969,6.70347730999l,
-0.126936035156,-1.07775878906,8.92623779297,-6.8839080231,0.808849045642,-0.808849045642,6.8839080231l,
-0.730480957031,-3.47996337891,9.76688964844,-19.5606209911,4.03000585551,-4.03000585551,19.5606209911l,
-0.189206542969,-0.469423828125,8.02810546875,-3.34549327804,1.34779682329,-1.34779682329,3.34549327804l,
-0.0981958007813,-3.64282470703,10.9979296875,-18.3256461803,0.485611589233,-0.485611589233,18.3256461803l,
-2.00223632812,1.45138183594,11.1655810547,7.29116676895,10.0832839682,-10.0832839682,-7.29116676895l,
-2.26329345703,-1.56873779297,12.492421875,-7.04396940506,10.1907378923,-10.1907378923,7.04396940506l,
1.01069824219,-1.13763427734,8.14785644531,-7.88877514722,-7.00386092103,7.00386092103,7.88877514722l,
2.57704101563,-0.158071289063,8.56698486328,-1.01226022605,-16.7391612227,16.7391612227,1.01226022605l,
0.160466308594,-3.05364990234,10.8398583984,-15.7311925075,-0.816339326868,0.816339326868,15.7311925075l,
-1.88009033203,-0.67060546875,12.0134179687,-3.15666956081,8.88099155241,-8.88099155241,3.15666956081l,
0.821491699219,1.09452392578,9.59444824219,6.48458082034,-4.86243391595,4.86243391595,-6.48458082034l,
-1.39869140625,-0.0550854492188,12.1810693359,-0.257410857535,6.55023447654,-6.55023447654,0.257410857535l,
-0.562829589844,-1.30049560547,10.0375268555,-7.37085758638,3.18281112527,-3.18281112527,7.37085758638l,
1.27175537109,-0.888552246094,10.9739794922,-4.59844161591,-6.5890474928,6.5890474928,4.59844161591l,
1.58789794922,0.0814306640625,10.3129541016,0.447126946029,-8.75289263348,8.75289263348,-0.447126946029l,
0.543669433594,-2.2608984375,10.6674169922,-11.9513685683,-2.8542841317,2.8542841317,11.9513685683l,
0.100590820313,1.00351318359,8.55979980469,6.68612466537,-0.66870330134,0.66870330134,-6.68612466537l,
0.962797851563,-1.39869140625,8.95018798828,-8.83191822342,-6.06678825243,6.06678825243,8.83191822342l,
-0.100590820313,-3.21890625,7.66885253906,-22.7678688886,0.692935130065,-0.692935130065,22.7678688886l,
-0.512534179688,1.67172363281,8.44004882813,11.1835049731,3.40903428476,-3.40903428476,-11.1835049731l,
-1.51365234375,-0.416733398438,7.98499511719,-2.93535136154,10.7194988553,-10.7194988553,2.93535136154l,
-1.07057373047,0.531694335938,10.2626586914,2.94978647432,5.94748653117,-5.94748653117,-2.94978647432l,
-0.45984375,-1.78428955078,11.838581543,-8.56464229696,2.19959286989,-2.19959286989,8.56464229696l,
-0.294587402344,-1.74596923828,9.36692138672,-10.5535104729,1.77086378329,-1.77086378329,10.5535104729l,
0.241896972656,-3.58773925781,9.42440185547,-20.8348636154,-1.37413072807,1.37413072807,20.8348636154l,
-1.15439941406,0.378413085938,10.1812280273,2.11503420265,6.46443393011,-6.46443393011,-2.11503420265l,
-0.45984375,-1.65974853516,9.89382568359,-9.51295693747,2.62444948009,-2.62444948009,9.51295693747l,
-0.335302734375,-3.39853271484,11.9271972656,-15.8983961854,1.54868965464,-1.54868965464,15.8983961854l,
-0.438288574219,-2.16270263672,9.4651171875,-12.8573527311,2.58470586411,-2.58470586411,12.8573527311l,
0.076640625,-3.51828369141,7.91793457031,-23.9566688239,-0.506793840235,0.506793840235,23.9566688239l,
0.560434570312,1.23583007813,10.4686303711,6.72311311453,-3.04329271766,3.04329271766,-6.72311311453l,
2.86683837891,0.110170898438,8.93581787109,0.672607156983,-17.7862998557,17.7862998557,-0.672607156983l,
1.57352783203,-0.174836425781,8.77056152344,-1.12406655149,-10.1692573637,10.1692573637,1.12406655149l,
1.77710449219,-0.795146484375,10.4470751953,-4.29109216266,-9.62659769489,9.62659769489,4.29109216266l,
0.445473632813,-3.24285644531,9.80281494141,-18.2870495124,-2.47043692694,2.47043692694,18.2870495124l,
-0.356857910156,0.759221191406,7.44611572266,5.81524657771,2.72969143495,-2.72969143495,-5.81524657771l,
-1.53760253906,-0.871787109375,8.74421630859,-5.60802078271,9.9248431738,-9.9248431738,5.60802078271l,
0.282612304688,-2.93150390625,8.71547607422,-18.5815865025,-1.76040213338,1.76040213338,18.5815865025l,
-0.627495117188,-2.40699462891,9.56331298828,-14.0982624482,3.64084160679,-3.64084160679,14.0982624482l,
0.342487792969,0.383203125,11.2565917969,1.94884054315,-1.74170863406,1.74170863406,-1.94884054315l,
0.229921875,-1.88727539063,10.6722070313,-10.0262376593,-1.21533731225,1.21533731225,10.0262376593l,
-1.49688720703,-2.89318359375,10.0351318359,-15.9155335484,8.15647719572,-8.15647719572,15.9155335484l,
0.215551757813,-1.96391601563,11.3763427734,-9.7928009504,-1.06965636223,1.06965636223,9.7928009504l,
-1.39390136719,-5.00559082031,12.1738842773,-22.2202824661,6.04492188802,-6.04492188802,22.2202824661l,
0.0694555664063,0.36404296875,8.89749755859,2.34289063615,-0.446878842413,0.446878842413,-2.34289063615l,
-2.00702636719,0.138911132813,8.67236572266,0.89404104604,13.0288217996,-13.0288217996,-0.89404104604l,
1.97828613281,-1.75315429688,9.38608154297,-10.3574563026,-11.7052134068,11.7052134068,10.3574563026l,
1.02985839844,-1.93278076172,9.6950390625,-11.2130688534,-5.94735356482,5.94735356482,11.2130688534l,
-1.76033935547,-1.87051025391,10.6913671875,-9.79448407521,9.21241483239,-9.21241483239,9.79448407521l,
-0.229921875,-0.90052734375,9.25435546875,-5.55616360962,1.41651693468,-1.41651693468,5.55616360962l,
-0.380808105469,-4.08111328125,8.08798095703,-26.7495436578,2.4070137169,-2.4070137169,26.7495436578l,
-0.117355957031,-4.29666503906,9.43158691406,-24.4904956299,0.64874555614,-0.64874555614,24.4904956299l,
-1.22625,-2.60099121094,10.7512426758,-13.5155763411,6.3258982373,-6.3258982373,13.5155763411l,
0.759221191406,0.682580566406,9.00766845703,4.31820827827,-4.80414126149,4.80414126149,-4.31820827827l,
-0.934057617188,-0.119750976562,8.28916259766,-0.822472314107,6.42854304221,-6.42854304221,0.822472314107l,
-1.98307617188,-1.37474121094,8.46160400391,-8.98869090224,13.0250396171,-13.0250396171,8.98869090224l,
-0.890947265625,-2.22976318359,10.0854272461,-12.4199856141,4.92996513265,-4.92996513265,12.4199856141l,
-2.33035400391,0.7280859375,7.22577392578,5.47782743893,17.7904463304,-17.7904463304,-5.47782743893l,
0.572409667969,-3.01293457031,9.57289306641,-17.4414097641,-3.26441708953,3.26441708953,17.4414097641l,
0.0934057617188,-1.42024658203,8.17899169922,-9.85030750545,-0.644655030943,0.644655030943,9.85030750545l,
-0.0646655273438,-1.21427490234,10.3273242188,-6.70585177484,0.356303914486,-0.356303914486,6.70585177484l,
-1.07775878906,0.21076171875,10.0638720703,1.19291714299,6.11128498223,-6.11128498223,-1.19291714299l,
1.77949951172,-0.184416503906,8.79930175781,-1.17681743876,-11.4303955892,11.4303955892,1.17681743876l,
0.0646655273438,-1.90643554688,11.1176806641,-9.73015777862,-0.328460721221,0.328460721221,9.73015777862l,
-1.31726074219,-2.47884521484,10.459050293,-13.2325429022,6.98674403279,-6.98674403279,13.2325429022l,
0.490979003906,-1.01548828125,8.01373535156,-7.20856800559,-3.47822315329,3.47822315329,7.20856800559l,
-1.99026123047,-0.476608886719,8.90228759766,-2.9908692147,12.5847847547,-12.5847847547,2.9908692147l,
-1.44419677734,-3.602109375,8.74421630859,-22.1185887384,8.68258868891,-8.68258868891,22.1185887384l,
0.0119750976563,-3.42008789063,10.6674169922,-17.7763951495,-0.0612485215868,0.0612485215868,17.7763951495l,
0.581989746094,-0.950822753906,10.7464526367,-5.04887917379,-3.08786852564,3.08786852564,5.04887917379l,
0.320932617187,-2.16988769531,11.7164355469,-10.4884691309,-1.54281166423,1.54281166423,10.4884691309l,
0.126936035156,-3.47038330078,8.66757568359,-21.8183945748,-0.77892602518,0.77892602518,21.8183945748l,
1.81063476563,-3.59731933594,9.79323486328,-19.8599893184,-9.84551993813,9.84551993813,19.8599893184l,
2.12677734375,-0.993933105469,9.93693603516,-5.58627312079,-12.0223768575,12.0223768575,5.58627312079l,
0.462238769531,0.086220703125,11.3619726562,0.434423215932,-2.32961064135,2.32961064135,-0.434423215932l,
-1.48251708984,0.926872558594,10.7871679688,4.86548701049,7.79695722818,-7.79695722818,-4.86548701049l,
1.60466308594,-1.19511474609,9.79562988281,-6.86537159203,-9.23593846936,9.23593846936,6.86537159203l,
-0.100590820313,-3.64761474609,8.90947265625,-22.2633344957,0.598636608116,-0.598636608116,22.2633344957l,
1.03943847656,-1.55436767578,9.83634521484,-8.93087215148,-5.95884428603,5.95884428603,8.93087215148l,
1.01788330078,1.79865966797,9.31662597656,10.8639448815,-6.12291201139,6.12291201139,-10.8639448815l,
0.838256835938,1.83458496094,10.5644311523,9.82128903907,-4.47012390219,4.47012390219,-9.82128903907l,
-0.675395507813,-1.22145996094,9.74533447266,-7.12715978615,3.93383467933,-3.93383467933,7.12715978615l,
0.546064453125,0.124541015625,10.923684082,0.652386824595,-2.86159302263,2.86159302263,-0.652386824595l,
-0.656235351563,-1.65974853516,10.806328125,-8.71603902757,3.43494937498,-3.43494937498,8.71603902757l,
-0.359252929688,-0.155676269531,11.4769335938,-0.77674758264,1.79273201749,-1.79273201749,0.77674758264l,
0.141306152344,-0.543669433594,7.30241455078,-4.25705806285,-1.10551087504,1.10551087504,4.25705806285l,
0.855021972656,0.0886157226563,10.4063598633,0.486253960597,-4.69689614616,4.69689614616,-0.486253960597l,
-0.174836425781,2.84288818359,9.52259765625,16.6198877755,1.00789450866,-1.00789450866,-16.6198877755l,
0.613125,-0.330512695312,8.01613037109,-2.35415400856,-4.3701336674,4.3701336674,2.35415400856l,
-1.95194091797,-0.737666015625,10.8278833008,-3.83570255619,10.1958134766,-10.1958134766,3.83570255619l,
-1.72680908203,-3.21411621094,9.92735595703,-17.6913297733,9.396557602,-9.396557602,17.6913297733l,
-0.97716796875,-0.476608886719,9.96328125,-2.72568591861,5.59512180535,-5.59512180535,2.72568591861l,
1.30528564453,0.538879394531,9.06754394531,3.36643816603,-8.17730310938,8.17730310938,-3.36643816603l,
0.311352539062,-1.34360595703,10.1045874023,-7.57063144093,-1.7495067581,1.7495067581,7.57063144093l,
0.0646655273438,0.0263452148438,10.0087866211,0.150810951248,-0.37017448271,0.37017448271,-0.150810951248l,
-0.799936523437,-1.43940673828,10.3704345703,-7.87900410109,4.36912698681,-4.36912698681,7.87900410109l,
1.45856689453,-0.78556640625,9.11304931641,-4.8652332772,-9.06017360916,9.06017360916,4.8652332772l,
1.33402587891,-3.65000976563,9.65671875,-20.526923077,-7.36308181367,7.36308181367,20.526923077l,
0.807121582031,-4.13859375,10.2315234375,-21.9613447679,-4.18257844215,4.18257844215,21.9613447679l,
-0.771196289063,1.56394775391,9.93214599609,8.92208152346,4.3860798769,-4.3860798769,-8.92208152346l,
-1.44419677734,-3.11831542969,8.78014160156,-19.3128303553,8.81068994692,-8.81068994692,19.3128303553l,
0.505349121094,-3.84879638672,9.92735595703,-21.166138084,-2.71736296324,2.71736296324,21.166138084l,
-0.028740234375,0.9196875,9.17771484375,5.7224081301,0.178528394557,-0.178528394557,-5.7224081301l,
0.311352539062,-0.299377441406,9.90580078125,-1.73023722097,-1.79946903612,1.79946903612,1.73023722097l,
0.0934057617188,-2.86923339844,8.48315917969,-18.6858705403,-0.597589379181,0.597589379181,18.6858705403l,
1.91122558594,-0.591569824219,11.1775561523,-2.98628063606,-9.68973911703,9.68973911703,2.98628063606l,
-1.74836425781,1.20229980469,8.28197753906,8.08421999094,11.8002135603,-11.8002135603,-8.08421999094l,
2.65847167969,0.613125,9.86748046875,3.43343698834,-15.0507562323,15.0507562323,-3.43343698834l,
0.01916015625,-1.80584472656,10.2746337891,-9.96833918576,-0.105232169165,0.105232169165,9.96833918576l,
-0.76640625,-0.320932617187,9.32381103516,-1.96476447356,4.69631224124,-4.69631224124,1.96476447356l,
0.397573242188,-1.56873779297,8.8519921875,-10.0396241038,-2.53221716858,2.53221716858,10.0396241038l,
0.356857910156,-0.562829589844,9.60881835938,-3.34992442777,-2.12327067618,2.12327067618,3.34992442777l,
-1.32923583984,-0.993933105469,8.54063964844,-6.55977281174,8.78797136495,-8.78797136495,6.55977281174l,
-1.83458496094,0.981958007813,7.92032958984,6.8869191818,12.9456878524,-12.9456878524,-6.8869191818l,
-1.01069824219,-3.30512695313,10.3895947266,-17.5690530803,5.29630570273,-5.29630570273,17.5690530803l,
-0.59396484375,-3.23088134766,10.6219116211,-16.8933741915,3.06233097631,-3.06233097631,16.8933741915l,
0.423918457031,-0.45984375,9.69743408203,-2.71229512513,-2.50025674667,2.50025674667,2.71229512513l,
-1.96631103516,-1.34360595703,9.31662597656,-8.03183321174,11.7990105755,-11.7990105755,8.03183321174l,
0.450263671875,-1.53760253906,9.36931640625,-9.30920501843,-2.71509789746,2.71509789746,9.30920501843l,
-0.737666015625,0.871787109375,9.34536621094,5.31301078586,4.49379031106,-4.49379031106,-5.31301078586l,
-1.17355957031,-3.04646484375,9.61360839844,-17.4612726465,6.63763185313,-6.63763185313,17.4612726465l,
1.0346484375,-0.273032226563,11.3859228516,-1.36804389178,-5.19077150914,5.19077150914,1.36804389178l,
2.19383789063,-0.989143066406,10.0231567383,-5.50650224698,-12.2881630515,12.2881630515,5.50650224698l,
1.79626464844,2.60817626953,12.5594824219,11.6166867916,-7.97146450592,7.97146450592,-11.6166867916l,
1.14242431641,1.66693359375,11.4434033203,8.24741998906,-5.64194077985,5.64194077985,-8.24741998906l,
-0.186811523438,-0.888552246094,10.6746020508,-4.75759708907,0.999151116335,-0.999151116335,4.75759708907l,
1.09452392578,-2.61536132813,9.93933105469,-14.6574478871,-6.07882431783,6.07882431783,14.6574478871l,
0.855021972656,-3.36979248047,9.79083984375,-18.9254643869,-4.72047634956,4.72047634956,18.9254643869l,
-3.19974609375,-0.764011230469,9.43637695313,-4.38464766985,18.6742419008,-18.6742419008,4.38464766985l,
-0.749641113281,2.29682373047,9.00287841797,14.2647223859,4.61277668895,-4.61277668895,-14.2647223859l,
0.989143066406,-2.94587402344,9.03401367187,-17.9600887185,-5.94287729578,5.94287729578,17.9600887185l,
-2.70158203125,-0.905317382813,10.499765625,-4.77328741592,14.378055343,-14.378055343,4.77328741592l,
1.29331054688,-0.426313476563,9.12741943359,-2.64775498763,-8.05617569228,8.05617569228,2.64775498763l,
1.02985839844,0.474213867188,10.7177124023,2.52184534088,-5.48333307467,5.48333307467,-2.52184534088l,
1.81781982422,-2.66565673828,8.5454296875,-16.9675991875,-11.4791511899,11.4791511899,16.9675991875l,
1.15679443359,2.89318359375,8.72026611328,18.2058141771,-7.17618208701,7.17618208701,-18.2058141771l,
-1.91362060547,-4.55293212891,9.13699951172,-25.9991641036,10.6170660579,-10.6170660579,25.9991641036l,
-0.981958007813,0.627495117188,8.20773193359,4.34101859498,6.80267082049,-6.80267082049,-4.34101859498l,
-1.10170898438,-0.617915039063,9.83155517578,-3.57400879836,6.38131663552,-6.38131663552,3.57400879836l,
0.936452636719,-4.26792480469,10.0447119141,-22.9311890011,-4.90421295577,4.90421295577,22.9311890011l,
-2.37106933594,-1.12086914062,8.51189941406,-7.22952544403,15.4388312045,-15.4388312045,7.22952544403l,
-1.95194091797,-2.58662109375,9.08670410156,-15.5524769832,11.6733575997,-11.6733575997,15.5524769832l,
-0.680185546875,0.548459472656,8.0089453125,3.90353925787,4.84309152836,-4.84309152836,-3.90353925787l,
0.253872070313,0.05748046875,9.86269042969,0.333809573598,-1.47448002049,1.47448002049,-0.333809573598l,
-0.308957519531,-0.886157226563,9.29986083984,-5.44013408878,1.89419186997,-1.89419186997,5.44013408878l,
1.4944921875,-1.12326416016,9.53936279297,-6.63547647147,-8.84379157916,8.84379157916,6.63547647147l,
1.07536376953,-2.08127197266,8.37059326172,-13.8535146011,-7.10658155423,7.10658155423,13.8535146011l,
-1.05380859375,0.390388183594,12.7678491211,1.74539187102,4.71608213435,-4.71608213435,-1.74539187102l,
2.50758544922,-1.52802246094,10.0997973633,-8.35329834859,-13.7926282369,13.7926282369,8.35329834859l,
-2.55548583984,-1.86093017578,8.55979980469,-11.7674464972,16.2635714555,-16.2635714555,11.7674464972l,
1.20708984375,-2.84528320313,7.74309814453,-19.9547062149,-8.32478639338,8.32478639338,19.9547062149l,
-2.62494140625,-4.76608886719,10.7991430664,-23.2121919941,12.5371568031,-12.5371568031,23.2121919941l,
-1.47293701172,-1.74596923828,12.2313647461,-8.06631768071,6.79840257563,-6.79840257563,8.06631768071l,
2.81175292969,-3.30752197266,9.5417578125,-18.3919971546,-15.5585698252,15.5585698252,18.3919971546l,
0.570014648438,1.46335693359,9.12981445313,9.08870315047,-3.52768027333,3.52768027333,-9.08870315047l,
-1.41306152344,0.244291992188,10.7153173828,1.29481894181,7.51049144113,-7.51049144113,-1.29481894181l,
1.89925048828,-0.0167651367188,8.35861816406,-0.112063290486,-12.8014028072,12.8014028072,0.112063290486l,
0.850231933594,-3.05125488281,12.1595141602,-14.0537349305,-3.87988675721,3.87988675721,14.0537349305l,
-2.26808349609,-0.847836914063,11.1655810547,-4.2557275561,11.450271775,-11.450271775,4.2557275561l,
-2.56985595703,-0.28740234375,9.08670410156,-1.74326651335,15.7841977467,-15.7841977467,1.74326651335l,
2.85246826172,-0.457448730469,7.92032958984,-3.11037287028,-19.775843199,19.775843199,3.11037287028l,
2.02858154297,-0.840651855469,13.3857641602,-3.55310200356,-8.60077999383,8.60077999383,3.55310200356l,
-0.258662109375,0.510139160156,7.99936523438,3.64705022474,1.84828061694,-1.84828061694,-3.64705022474l,
-1.149609375,0.136516113281,10.7344775391,0.724479541485,6.11230478716,-6.11230478716,-0.724479541485l,
0.974772949219,-2.07887695312,9.89382568359,-11.8107215293,-5.50731644866,5.50731644866,11.8107215293l,
-0.220341796875,2.24652832031,9.18489990234,13.7402968739,1.33490278746,-1.33490278746,-13.7402968739l,
-2.15072753906,0.819096679687,12.1379589844,3.8015559102,10.0256235425,-10.0256235425,-3.8015559102l,
-1.916015625,-1.11847412109,12.5427172852,-5.03763636634,8.65150798239,-8.65150798239,5.03763636634l,
0.70892578125,-0.196391601563,10.3967797852,-1.07966248297,-3.90009872074,3.90009872074,1.07966248297l,
1.28852050781,-2.38064941406,10.2003881836,-13.0369754737,-7.01299789632,7.01299789632,13.0369754737l,
0.158071289063,-0.347277832031,12.6121728516,-1.57712446094,-0.717791674853,0.717791674853,1.57712446094l,
0.6514453125,-0.198786621094,9.11783935547,-1.24578685653,-4.08571871265,4.08571871265,1.24578685653l,
-2.13396240234,-2.62254638672,9.4651171875,-15.1250919862,12.2581213552,-12.2581213552,15.1250919862l,
1.28852050781,-0.950822753906,8.77295654297,-6.12047877136,-8.30756370956,8.30756370956,6.12047877136l,
0.3448828125,1.149609375,8.55740478516,7.64522329799,-2.287374542,2.287374542,-7.64522329799l,
-0.902922363281,0.213156738281,8.41609863281,1.44256034373,6.12161523132,-6.12161523132,-1.44256034373l,
-0.15328125,-3.20932617188,9.10107421875,-19.4217114389,0.909980145851,-0.909980145851,19.4217114389l,
-1.32684082031,-2.54111572266,8.42567871094,-16.589869032,8.57381148644,-8.57381148644,16.589869032l,
2.11240722656,-1.12565917969,10.0902172852,-6.23156794517,-11.7533498034,11.7533498034,6.23156794517l,
-0.320932617187,2.08845703125,9.37889648437,12.546481736,1.91299829554,-1.91299829554,-12.546481736l,
-1.23583007813,0.814306640625,8.86875732422,5.19611663575,7.90007424065,-7.90007424065,-5.19611663575l,
-2.14833251953,0.989143066406,6.17675537109,8.60091522423,18.9541875612,-18.9541875612,-8.60091522423l,
0.51732421875,-2.84288818359,8.39933349609,-18.6662935073,-3.33885116911,3.33885116911,18.6662935073l,
0.320932617187,-2.25610839844,8.54303466797,-14.7833918667,-2.08014633682,2.08014633682,14.7833918667l,
0.550854492188,-1.53760253906,9.64234863281,-9.04579697157,-3.22896894245,3.22896894245,9.04579697157l,
-4.16733398438,-0.969982910156,10.9452392578,-4.73451073844,20.7696124964,-20.7696124964,4.73451073844l,
-1.06338867188,-2.02139648438,11.1967163086,-10.1887678445,5.3394884381,-5.3394884381,10.1887678445l,
-0.313747558594,-0.404758300781,9.17771484375,-2.52376670887,1.9560399263,-1.9560399263,2.52376670887l,
-0.871787109375,1.07536376953,10.8087231445,5.66340934798,4.58870278882,-4.58870278882,-5.66340934798l,
-2.12198730469,0.0718505859375,9.85550537109,0.408344280281,12.150534071,-12.150534071,-0.408344280281l,
0.512534179688,-0.1916015625,11.2709619141,-0.972904885083,-2.60329113001,2.60329113001,0.972904885083l,
0.433498535156,-0.857416992188,9.86269042969,-4.96377147495,-2.50727831761,2.50727831761,4.96377147495l,
-2.24892333984,-1.97110107422,11.3212573242,-9.69089014398,11.0729556756,-11.0729556756,9.69089014398l,
0.24908203125,0.5748046875,10.2387084961,3.21228381615,-1.39139728888,1.39139728888,-3.21228381615l,
0.699345703125,-1.31486572266,6.7060546875,-11.0349739529,-5.84314469849,5.84314469849,11.0349739529l,
-1.63340332031,-2.68481689453,8.38735839844,-17.4427226963,10.5075376328,-10.5075376328,17.4427226963l,
-2.94108398438,1.70764892578,9.15615966797,10.0688938275,17.5244970174,-17.5244970174,-10.0688938275l,
0.337697753906,0.639470214844,7.54191650391,4.84162191978,-2.55461611311,2.55461611311,-4.84162191978l,
-1.49688720703,-1.23583007813,8.39454345703,-8.24657686678,10.0049018696,-10.0049018696,8.24657686678l,
-1.22145996094,0.526904296875,9.79802490234,3.05460705413,7.09590626263,-7.09590626263,-3.05460705413l,
0.179626464844,1.27175537109,9.25914550781,7.81925965101,-1.10105795644,1.10105795644,-7.81925965101l,
0.170046386719,1.19511474609,8.18617675781,8.30426918919,-1.17751978614,1.17751978614,-8.30426918919l,
1.18074462891,0.170046386719,9.98962646484,0.968471304183,-6.73995078507,6.73995078507,-0.968471304183l,
0.222736816406,2.37106933594,9.90580078125,13.4578703926,-1.25273136153,1.25273136153,-13.4578703926l,
-0.713715820313,1.37474121094,9.5034375,8.20835375905,4.25081604319,-4.25081604319,-8.20835375905l,
-1.07775878906,-2.60578125,12.6289379883,-11.617391569,4.77766567726,-4.77766567726,11.617391569l,
0.510139160156,-1.75075927734,9.89143066406,-10.0242076586,-2.90723948536,2.90723948536,10.0242076586l,
0.857416992188,-1.33163085938,11.6829052734,-6.48528244991,-4.17054637883,4.17054637883,6.48528244991l,
-0.426313476563,-1.62621826172,10.2890039063,-8.97395542183,2.34357116329,-2.34357116329,8.97395542183l,
-1.84895507813,0.21076171875,9.72377929687,1.21983484736,10.763670194,-10.763670194,-1.21983484736l,
-2.77582763672,2.05971679688,9.63037353516,11.6131934791,15.7411362613,-15.7411362613,-11.6131934791l,
1.94954589844,-0.816701660156,10.1309326172,-4.5262234416,-10.8581766045,10.8581766045,4.5262234416l,
1.37474121094,-1.93517578125,11.3164672852,-9.63452750486,-6.82827293641,6.82827293641,9.63452750486l,
-0.802331542969,0.239501953125,8.39933349609,1.62591505198,5.45431874185,-5.45431874185,-1.62591505198l,
-1.06817871094,-3.35542236328,10.2387084961,-18.05339131,5.66177111398,-5.66177111398,18.05339131l,
-0.735270996094,0.282612304688,12.5618774414,1.28659976989,3.34896538048,-3.34896538048,-1.28659976989l,
0.0934057617188,-3.52786376953,9.17771484375,-21.0254952196,-0.544281140657,0.544281140657,21.0254952196l,
0.342487792969,-2.55788085937,11.2973071289,-12.7518653708,-1.69359837795,1.69359837795,12.7518653708l,
2.75666748047,-1.47054199219,10.8805737305,-7.46401002839,-14.0941495262,14.0941495262,7.46401002839l,
-2.41178466797,-0.467028808594,9.19208496094,-2.81349661597,14.6835497065,-14.6835497065,2.81349661597l,
0.0359252929688,-1.90643554688,11.1799511719,-9.67710152037,-0.181491983047,0.181491983047,9.67710152037l,
-2.67763183594,0.222736816406,11.4745385742,1.08296352587,13.13276823,-13.13276823,-1.08296352587l,
-0.110170898438,-3.34344726563,10.8302783203,-17.1552995138,0.556889403626,-0.556889403626,17.1552995138l,
-2.59141113281,-0.174836425781,9.11783935547,-1.05668437779,15.8630851036,-15.8630851036,1.05668437779l,
-2.45729003906,-0.0981958007813,8.87354736328,-0.611022497095,15.4777359383,-15.4777359383,0.611022497095l,
1.61424316406,-2.76624755859,8.94539794922,-16.9261413459,-9.78165211904,9.78165211904,16.9261413459l,
-2.84288818359,-1.44659179688,11.1176806641,-7.18482096274,14.2286618491,-14.2286618491,7.18482096274l,
-2.09564208984,-2.76864257813,10.8925488281,-14.0146812931,10.5622566,-10.5622566,14.0146812931l,
0.495769042969,-0.464633789063,10.0327368164,-2.64834744239,-2.82595353522,2.82595353522,2.64834744239l,
-0.656235351563,-2.13396240234,10.9548193359,-11.0037428965,3.36503793574,-3.36503793574,11.0037428965l,
1.75075927734,-2.91713378906,10.2171533203,-15.7172270435,-9.35658828647,9.35658828647,15.7172270435l,
2.86204833984,-0.467028808594,8.42567871094,-3.00435320779,-18.734933173,18.734933173,3.00435320779l,
-2.74708740234,0.658630371094,8.79451171875,4.08882179569,17.3013690672,-17.3013690672,-4.08882179569l,
-1.59268798828,0.320932617187,10.7847729492,1.68622363397,8.39701846416,-8.39701846416,-1.68622363397l,
-0.282612304688,-0.701740722656,9.21603515625,-4.35225821355,1.75137416407,-1.75137416407,4.35225821355l,
2.71595214844,-2.21060302734,8.72745117187,-13.5960648112,-16.7869738164,16.7869738164,13.5960648112l,
1.59508300781,1.27654541016,9.91538085938,7.24400420547,-9.06528681511,9.06528681511,-7.24400420547l,
-1.79865966797,-0.768801269531,8.02810546875,-5.33862024571,12.5726333324,-12.5726333324,5.33862024571l,
-0.263452148438,-3.10873535156,9.14657958984,-18.764609535,1.5621391513,-1.5621391513,18.764609535l,
0.0119750976563,-2.2608984375,9.27830566406,-13.6946923521,-0.0718467852402,0.0718467852402,13.6946923521l,
-2.13156738281,-0.577199707031,10.0782421875,-3.20706222566,11.9231942538,-11.9231942538,3.20706222566l,
-0.373623046875,-1.31247070313,8.02331542969,-9.28039842125,2.63125344376,-2.63125344376,9.28039842125l,
0.457448730469,-2.02139648438,11.1631860352,-10.255310687,-2.30906367517,2.30906367517,10.255310687l,
-2.35909423828,-3.02011962891,9.60642333984,-16.9781607623,13.1849082428,-13.1849082428,16.9781607623l,
-1.86332519531,0.232316894531,9.84353027344,1.32840339796,10.7160280559,-10.7160280559,-1.32840339796l,
1.42982666016,-2.12677734375,11.685300293,-10.2404377249,-6.86443308201,6.86443308201,10.2404377249l,
1.03704345703,2.55069580078,7.27606933594,19.139446241,-7.66046494333,7.66046494333,-19.139446241l,
0.637075195313,0.663420410156,7.78141845703,4.85690969412,-4.66360005173,4.66360005173,-4.85690969412l,
0.0119750976563,-0.263452148438,9.69264404297,-1.55695071691,-0.0707617956982,0.0707617956982,1.55695071691l,
0.155676269531,-4.07871826172,10.1596728516,-21.8712393382,-0.814681568679,0.814681568679,21.8712393382l,
-1.52562744141,-0.596359863281,10.9907446289,-3.07639457487,7.89127781692,-7.89127781692,3.07639457487l,
-0.876577148438,0.234711914062,10.8709936523,1.23286120666,4.60897297771,-4.60897297771,-1.23286120666l,
2.30400878906,0.481398925781,8.15504150391,3.25131631538,-15.7502951894,15.7502951894,-3.25131631538l,
0.148491210938,-0.886157226563,13.0768066406,-3.87650488395,-0.649094911044,0.649094911044,3.87650488395l,
-1.92080566406,-1.26217529297,11.6757202148,-6.08864530011,9.28904189255,-9.28904189255,6.08864530011l,
2.32077392578,-0.931662597656,7.84129394531,-6.49966482095,-16.3781153742,16.3781153742,6.49966482095l,
-1.40348144531,-0.967587890625,8.62686035156,-6.31717550924,9.18375244229,-9.18375244229,6.31717550924l,
1.89925048828,2.09564208984,10.7153173828,10.900177664,-9.86790540867,9.86790540867,-10.900177664l,
0.713715820313,-1.8010546875,11.5487841797,-8.84737357532,-3.49425631524,3.49425631524,8.84737357532l,
-0.258662109375,-1.31726074219,9.58247314453,-7.82432928395,1.53182532351,-1.53182532351,7.82432928395l,
-1.456171875,-1.51604736328,8.56698486328,-9.89631451178,9.50176495776,-9.50176495776,9.89631451178l,
-0.229921875,-1.82500488281,8.25802734375,-12.4572543389,1.55727399849,-1.55727399849,12.4572543389l,
1.45856689453,1.10889404297,8.63404541016,7.21742895751,-9.51188052869,9.51188052869,-7.21742895751l,
-1.70046386719,0.843046875,9.09149414063,5.20803573164,10.5498980469,-10.5498980469,-5.20803573164l,
-0.455053710938,-3.32668212891,12.0661083984,-15.4033494656,2.08217897452,-2.08217897452,15.4033494656l,
-1.33402587891,1.02027832031,9.71898925781,5.93756776802,7.77337648421,-7.77337648421,-5.93756776802l,
-3.78413085938,1.14242431641,10.8542285156,5.67569561527,19.1222903,-19.1222903,-5.67569561527l,
-0.0742456054688,-2.46687011719,11.6685351562,-11.9370152224,0.356678275411,-0.356678275411,11.9370152224l,
-1.66932861328,-0.816701660156,8.27958251953,-5.52302599845,11.3455245694,-11.3455245694,5.52302599845l,
-1.76991943359,-0.558039550781,11.2278515625,-2.8106863513,8.94732596729,-8.94732596729,2.8106863513l,
-0.855021972656,0.217946777344,9.733359375,1.27781827557,5.01898011506,-5.01898011506,-1.27781827557l,
3.55899902344,-1.22385498047,9.49625244141,-6.88121707176,-20.3903581482,20.3903581482,6.88121707176l,
0.524509277344,-1.03225341797,8.40651855469,-6.9869692672,-3.54368968255,3.54368968255,6.9869692672l,
-3.02011962891,-0.8813671875,9.81958007812,-4.90340801178,17.0313733233,-17.0313733233,4.90340801178l,
-0.912502441406,1.27415039063,10.5548510742,6.85793414547,4.90568799271,-4.90568799271,-6.85793414547l,
-2.85007324219,-0.924477539063,10.6841821289,-4.77905412961,14.883083386,-14.883083386,4.77905412961l,
-0.342487792969,0.649050292969,7.31438964844,5.06540037825,2.67037270082,-2.67037270082,-5.06540037825l,
-1.34839599609,0.397573242188,9.89382568359,2.2800789468,7.75465129294,-7.75465129294,-2.2800789468l,
-1.20708984375,2.05732177734,12.0876635742,9.61227814144,5.62240047772,-5.62240047772,-9.61227814144l,
1.61184814453,-0.0526904296875,9.5034375,-0.313192187696,-9.62600585845,9.62600585845,0.313192187696l,
1.26217529297,-2.19862792969,12.3151904297,-10.0706924095,-5.76130529191,5.76130529191,10.0706924095l,
-0.941242675781,0.0742456054688,9.70461914063,0.436288094819,5.53958011566,-5.53958011566,-0.436288094819l,
0.131726074219,-2.12198730469,11.2446166992,-10.6859748008,-0.659526132211,0.659526132211,10.6859748008l,
-2.63452148438,0.117355957031,9.57768310547,0.676875856575,15.3788144695,-15.3788144695,-0.676875856575l,
2.28963867188,-3.22609130859,10.8494384766,-16.2219708005,-11.4357170358,11.4357170358,16.2219708005l,
-2.02379150391,-3.55181396484,9.91059082031,-19.3481774415,10.8813752208,-10.8813752208,19.3481774415l,
-1.01788330078,-4.5601171875,9.76688964844,-24.9092340782,5.3945628245,-5.3945628245,24.9092340782l,
-2.24413330078,-3.69312011719,9.76209960938,-20.2387022137,12.1344505985,-12.1344505985,20.2387022137l,
-0.356857910156,0.706530761719,8.93821289062,4.51602664067,2.27921620413,-2.27921620413,-4.51602664067l,
-0.340092773437,-1.39869140625,10.7488476562,-7.41027542304,1.79708916564,-1.79708916564,7.41027542304l,
-1.43701171875,-3.54702392578,10.8805737305,-17.9102905903,7.1570296778,-7.1570296778,17.9102905903l,
1.51604736328,1.54957763672,10.0830322266,8.64131725805,-8.45294953415,8.45294953415,-8.64131725805l,
-1.33402587891,-0.45984375,10.5788012695,-2.46945711732,7.18056201811,-7.18056201811,2.46945711732l,
-1.65016845703,-1.46575195313,10.2051782227,-8.06998238993,9.09344161085,-9.09344161085,8.06998238993l,
-1.35079101563,-2.21060302734,10.4949755859,-11.80001332,7.17830954397,-7.17830954397,11.80001332l,
0.558039550781,-1.01788330078,8.6987109375,-6.66056969256,-3.64580030078,3.64580030078,6.66056969256l,
1.609453125,-0.232316894531,11.3715527344,-1.15882433092,-8.0540951997,8.0540951997,1.15882433092l,
2.21539306641,-0.732875976563,9.00766845703,-4.51737797519,-13.7736086764,13.7736086764,4.51737797519l,
-1.03943847656,-2.91713378906,8.56219482422,-18.6863680171,6.55524127046,-6.55524127046,18.6863680171l,
-1.02027832031,-0.232316894531,11.8002612305,-1.12367009217,4.94068542241,-4.94068542241,1.12367009217l,
2.02379150391,-3.10873535156,11.4505883789,-14.9678458086,-9.67961555026,9.67961555026,14.9678458086l,
0.725690917969,0.929267578125,9.06514892578,5.83440520718,-4.55317014968,4.55317014968,-5.83440520718l,
-0.0215551757813,1.06099365234,11.4817236328,5.27953847213,0.10710758797,-0.10710758797,-5.27953847213l,
0.9580078125,-0.495769042969,9.69264404297,-2.91389627163,-5.63738178411,5.63738178411,2.91389627163l,
1.30049560547,-3.58055419922,9.62318847656,-20.2401326646,-7.21856731848,7.21856731848,20.2401326646l,
-0.217946777344,-3.98291748047,7.61855712891,-27.5905685255,1.45224566156,-1.45224566156,27.5905685255l,
0.603544921875,0.383203125,10.2890039063,2.12927838535,-3.35475809104,3.35475809104,-2.12927838535l,
2.1076171875,-4.88823486328,8.83762207031,-28.2815058286,-11.7876989606,11.7876989606,28.2815058286l,
-0.148491210938,-3.57097412109,9.17052978516,-21.2732356222,0.864449353871,-0.864449353871,21.2732356222l,
0.658630371094,-2.49321533203,9.76928466797,-14.2857302003,-3.73751804632,3.73751804632,14.2857302003l,
-3.01293457031,-0.802331542969,8.40651855469,-5.13397705949,19.6355490431,-19.6355490431,5.13397705949l,
-2.682421875,0.82388671875,8.37059326172,5.35475404395,17.6883523519,-17.6883523519,-5.35475404395l,
-0.0119750976563,-1.66214355469,8.99090332031,-10.4739777066,0.0750413677385,-0.0750413677385,10.4739777066l,
0.699345703125,-3.15663574219,9.44356201172,-18.4358300854,-4.01759416287,4.01759416287,18.4358300854l,
-0.165256347656,-1.86572021484,8.93821289062,-11.7883997976,1.03686400294,-1.03686400294,11.7883997976l,
-0.100590820313,-2.11001220703,9.48906738281,-12.5357814093,0.592873580536,-0.592873580536,12.5357814093l,
-0.217946777344,0.102985839844,9.08670410156,0.649157816324,1.37390136913,-1.37390136913,-0.649157816324l,
0.457448730469,-0.158071289063,9.88424560547,-0.91523063717,-2.64945347626,2.64945347626,0.91523063717l,
-1.50886230469,0.397573242188,8.16462158203,2.74144636885,10.4582928914,-10.4582928914,-2.74144636885l,
1.83697998047,-2.07648193359,8.82804199219,-12.968089943,-11.4507206972,11.4507206972,12.968089943l,
-0.227526855469,-3.14945068359,9.94651611328,-17.5654834448,1.24930308719,-1.24930308719,17.5654834448l,
1.60226806641,0.237106933594,11.8457666016,1.13634408925,-7.70159935369,7.70159935369,-1.13634408925l,
-2.27287353516,-2.19623291016,9.12502441406,-13.1456119215,13.6130193573,-13.6130193573,13.1456119215l,
-1.56155273437,-2.88839355469,10.8446484375,-14.7685251637,7.92140215686,-7.92140215686,14.7685251637l,
-1.14721435547,1.916015625,10.6099365234,10.1784663394,6.0737212905,-6.0737212905,-10.1784663394l,
0.419128417969,-2.41657470703,9.32141601563,-14.5198946767,-2.49223388239,2.49223388239,14.5198946767l,
-0.584384765625,-0.684975585938,10.4159399414,-3.75659063983,3.20429784893,-3.20429784893,3.75659063983l,
1.04422851562,-2.16988769531,8.95497802734,-13.5325651144,-6.46569485123,6.46569485123,13.5325651144l,
2.09085205078,-1.21666992188,10.0566870117,-6.75511324015,-11.6621740486,11.6621740486,6.75511324015l,
-0.584384765625,-3.29315185547,9.120234375,-19.8162702798,3.44888153151,-3.44888153151,19.8162702798l,
-0.246687011719,-1.88248535156,10.4351000977,-10.2233395546,1.33272239083,-1.33272239083,10.2233395546l,
1.4178515625,-2.07408691406,10.3273242188,-11.2530918138,-7.66613666868,7.66613666868,11.2530918138l,
0.399968261719,-1.7244140625,6.9359765625,-13.9394843148,-3.20305296385,3.20305296385,13.9394843148l,
-3.41769287109,-2.39022949219,10.3512744141,-12.367468767,17.8332889363,-17.8332889363,12.367468767l,
0.234711914062,2.87641845703,9.89382568359,16.2063404561,-1.30496539948,1.30496539948,-16.2063404561l,
0.428708496094,-1.762734375,10.535690918,-9.490513733,-2.29823079596,2.29823079596,9.490513733l,
-0.950822753906,-1.94954589844,9.36452636719,-11.7016049501,5.67673976025,-5.67673976025,11.7016049501l,
-0.0119750976563,1.19511474609,8.59333007812,7.91759919111,0.0790824319093,-0.0790824319093,-7.91759919111l,
-1.10649902344,-1.63340332031,11.0937304688,-8.3350850421,5.63553586289,-5.63553586289,8.3350850421l,
-2.59380615234,-1.609453125,8.0855859375,-10.7324349818,17.4646941612,-17.4646941612,10.7324349818l,
0.277822265625,-0.914897460938,10.459050293,-4.99742597685,-1.51579636776,1.51579636776,4.99742597685l,
3.25004150391,1.26217529297,8.07361083984,8.25173499906,-21.688721968,21.688721968,-8.25173499906l,
0.725690917969,-0.483793945313,12.1547241211,-2.27529078443,-3.41405916533,3.41405916533,2.27529078443l,
0.677790527344,2.80935791016,10.6003564453,14.8146389615,-3.53675799108,3.53675799108,-14.8146389615l,
-1.69327880859,-2.3375390625,7.93709472656,-16.0678090175,11.5657071332,-11.5657071332,16.0678090175l,
-0.136516113281,0.419128417969,9.70461914063,2.47274041624,0.805183383371,-0.805183383371,-2.47274041624l,
-2.85007324219,-1.76033935547,8.60291015625,-10.9922271185,17.9817013713,-17.9817013713,10.9922271185l,
0.380808105469,-0.311352539062,10.9164990234,-1.63271358871,-1.99706840848,1.99706840848,1.63271358871l,
-0.934057617188,-1.65256347656,9.67348388672,-9.65046761322,5.43701415959,-5.43701415959,9.65046761322l,
-0.74724609375,-1.39390136719,11.7930761719,-6.72752313966,3.60059530928,-3.60059530928,6.72752313966l,
1.52323242188,0.833466796875,9.60163330078,4.900131358,-8.98123426909,8.98123426909,-4.900131358l,
-1.59747802734,0.2682421875,10.229128418,1.48416264513,8.87315577256,-8.87315577256,-1.48416264513l,
-0.143701171875,-5.28341308594,8.70110595703,-31.2631464667,0.808769101958,-0.808769101958,31.2631464667l,
-0.294587402344,-4.55772216797,9.86987548828,-24.7768932981,1.55219107941,-1.55219107941,24.7768932981l,
-0.795146484375,-2.63931152344,7.87242919922,-18.446789085,5.47026367183,-5.47026367183,18.446789085l,
1.43701171875,-2.19144287109,7.84368896484,-15.3664154761,-10.0067712785,10.0067712785,15.3664154761l,
-1.21666992188,-1.54478759766,8.71308105469,-9.95913071376,7.82867920154,-7.82867920154,9.95913071376l,
1.61903320313,-2.54351074219,9.98962646484,-14.1082468782,-8.92597726704,8.92597726704,14.1082468782l,
-2.22018310547,-2.34232910156,9.05556884766,-14.1020920942,13.3526982293,-13.3526982293,14.1020920942l,
0.301772460938,0.613125,10.842253418,3.23535551718,-1.59176017375,1.59176017375,-3.23535551718l,
0.953217773438,-1.42743164063,10.7799829102,-7.51395919167,-5.00972130068,5.00972130068,7.51395919167l,
-0.112565917969,-2.29682373047,9.91059082031,-13.0473883028,0.633945177676,-0.633945177676,13.0473883028l,
-0.311352539062,-4.68226318359,9.98004638672,-25.1234925398,1.61780786802,-1.61780786802,25.1234925398l,
1.58071289063,-3.37697753906,9.81958007812,-18.7539636598,-8.65542172644,8.65542172644,18.7539636598l,
-0.239501953125,-3.35302734375,9.83874023438,-18.8138490031,1.31994345225,-1.31994345225,18.8138490031l,
0.265847167969,0.749641113281,7.79099853516,5.49283902099,-1.94533099763,1.94533099763,-5.49283902099l,
0.840651855469,-6.51924316406,11.0530151367,-30.4605207121,-3.7481060841,3.7481060841,30.4605207121l,
-1.89446044922,-3.0273046875,12.2720800781,-13.7011236346,8.52396873622,-8.52396873622,13.7011236346l,
0.718505859375,-1.83697998047,8.33945800781,-12.3780494168,-4.8095531661,4.8095531661,12.3780494168l,
0.716110839844,-1.61184814453,9.53936279297,-9.56416178863,-4.23330424784,4.23330424784,9.56416178863l,
0.0814306640625,-3.79131591797,10.6434667969,-19.6059090569,-0.412933375977,0.412933375977,19.6059090569l,
0.857416992188,-3.76976074219,9.69982910156,-21.1630376119,-4.71004551294,4.71004551294,21.1630376119l,
-2.14833251953,-0.538879394531,9.64474365234,-3.12160750245,12.5384915934,-12.5384915934,3.12160750245l,
0.222736816406,-2.60578125,11.920012207,-12.3291041537,-1.04581029393,1.04581029393,12.3291041537l,
-5.22353759766,-2.00463134766,9.51780761719,-10.461265954,28.2373560334,-28.2373560334,10.461265954l,
1.00111816406,0.294587402344,7.82452880859,2.1387049442,-7.28605290262,7.28605290262,-2.1387049442l,
-2.46447509766,-0.0526904296875,9.92256591797,-0.295275949812,13.9481626219,-13.9481626219,0.295275949812l,
-1.95912597656,-2.66086669922,11.0913354492,-13.2922848693,9.74613783184,-9.74613783184,13.2922848693l,
-0.378413085938,-2.25371337891,7.83889892578,-16.0224464792,2.65629725107,-2.65629725107,16.0224464792l,
-1.55436767578,-2.53393066406,6.89526123047,-19.7223950241,11.9470246822,-11.9470246822,19.7223950241l,
-0.457448730469,-4.38288574219,10.8733886719,-21.9359998103,2.2345382613,-2.2345382613,21.9359998103l,
-0.0167651367188,-2.67523681641,8.47597412109,-17.5170126978,0.108073281701,-0.108073281701,17.5170126978l,
3.4105078125,-0.086220703125,11.2853320313,-0.419019496763,-16.8147282861,16.8147282861,0.419019496763l,
-0.155676269531,-1.00590820312,10.2315234375,-5.61432175938,0.867526480976,-0.867526480976,5.61432175938l,
0.536484375,-0.934057617188,9.78365478516,-5.44543828029,-3.12447829912,3.12447829912,5.44543828029l,
0.9196875,-2.31358886719,8.98371826172,-14.3696793017,-5.66168569951,5.66168569951,14.3696793017l,
0.550854492188,-0.213156738281,10.5069506836,-1.16061867208,-3.00051780802,3.00051780802,1.16061867208l,
-1.92799072266,-0.752036132813,9.55373291016,-4.41225407439,11.3750714146,-11.3750714146,4.41225407439l,
-2.65847167969,-1.4178515625,7.84608398438,-9.71210744867,18.439802506,-18.439802506,9.71210744867l,
0.510139160156,0.182021484375,9.22082519531,1.12916038127,-3.16602664164,3.16602664164,-1.12916038127l,
-1.33881591797,-1.13044921875,9.51541259766,-6.70961665815,7.95371805875,-7.95371805875,6.70961665815l,
-0.141306152344,-1.55436767578,8.22689208984,-10.6976534728,0.966919324509,-0.966919324509,10.6976534728l,
0.0047900390625,0.208366699219,12.5882226563,0.948302375055,-0.0217990598368,0.0217990598368,-0.948302375055l,
1.75794433594,-0.265847167969,8.38496337891,-1.7773513307,-11.8350328115,11.8350328115,1.7773513307l,
-2.45729003906,-3.68114501953,9.29507080078,-20.9507655801,13.8090734102,-13.8090734102,20.9507655801l,
0.850231933594,0.989143066406,9.88185058594,5.69519036483,-4.89327044771,4.89327044771,-5.69519036483l,
0.773591308594,1.78428955078,8.54303466797,11.7504187121,-5.06543628132,5.06543628132,-11.7504187121l,
-1.1879296875,2.33274902344,10.7248974609,12.198798914,6.17725288718,-6.17725288718,-12.198798914l,
-1.53520751953,1.00830322266,8.047265625,7.01655944922,10.7189033943,-10.7189033943,-7.01655944922l,
0.893342285156,-0.730480957031,8.68434082031,-4.78297880721,-5.85272957198,5.85272957198,4.78297880721l,
-1.59268798828,0.186811523438,7.99697021484,1.31243583412,11.2607326534,-11.2607326534,-1.31243583412l,
-2.94826904297,-1.13523925781,8.94539794922,-6.87270714325,18.1058072031,-18.1058072031,6.87270714325l,
-0.941242675781,-2.91952880859,11.1104956055,-14.6726124254,4.68406511206,-4.68406511206,14.6726124254l,
0.514929199219,0.428708496094,10.0782421875,2.43261142595,-2.9222407303,2.9222407303,-2.43261142595l,
-1.54478759766,-4.77566894531,9.97765136719,-25.3141992404,7.95007045702,-7.95007045702,25.3141992404l,
1.20229980469,-0.0143701171875,11.3308374023,-0.0722585920337,-6.05690886289,6.05690886289,0.0722585920337l,
0.2682421875,-2.05253173828,10.1500927734,-11.4281908901,-1.48381492217,1.48381492217,11.4281908901l,
-3.23567138672,-0.78556640625,11.536809082,-3.75107986968,15.6325272732,-15.6325272732,3.75107986968l,
-3.46319824219,0.886157226563,9.08430908203,5.20806963131,20.7781279604,-20.7781279604,-5.20806963131l,
0.404758300781,0.165256347656,8.32029785156,1.13650582119,-2.78452916371,2.78452916371,-1.13650582119l,
0.819096679687,-2.85007324219,11.419453125,-13.9791203898,-3.98099094622,3.98099094622,13.9791203898l,
-1.39629638672,-0.464633789063,10.9643994141,-2.40713033323,7.25101086065,-7.25101086065,2.40713033323l,
0.797541503906,-2.95545410156,9.96088623047,-16.4760795951,-4.38940682675,4.38940682675,16.4760795951l,
-0.969982910156,-1.5328125,8.37298828125,-10.3066207359,6.50098077096,-6.50098077096,10.3066207359l,
-0.560434570312,-1.88727539063,11.2997021484,-9.47058430045,2.80065720601,-2.80065720601,9.47058430045l,
-2.11001220703,-2.48603027344,8.71068603516,-15.5028567856,13.11220096,-13.11220096,15.5028567856l,
-1.15679443359,-1.35558105469,9.34057617188,-8.19582760668,6.98744658676,-6.98744658676,8.19582760668l,
-2.19623291016,-1.50167724609,8.44962890625,-9.75970366838,14.3545298793,-14.3545298793,9.75970366838l,
-0.735270996094,-0.78556640625,9.37410644531,-4.77569315553,4.46928923721,-4.46928923721,4.77569315553l,
0.15328125,-1.71722900391,10.3848046875,-9.38844696764,-0.834304761741,0.834304761741,9.38844696764l,
-1.5328125,1.11847412109,9.59684326172,6.56513377278,9.01465670932,-9.01465670932,-6.56513377278l,
0.601149902344,1.98786621094,9.91059082031,11.32161193,-3.40352889516,3.40352889516,-11.32161193l,
0.0167651367188,-1.87051025391,10.7464526367,-9.87387827423,-0.0880609134159,0.0880609134159,9.87387827423l,
-1.19032470703,-1.57352783203,10.8398583984,-8.21076160498,6.20205241548,-6.20205241548,8.21076160498l,
-2.02858154297,-4.521796875,8.660390625,-26.9471424955,11.7300988918,-11.7300988918,26.9471424955l,
1.12326416016,-1.53520751953,8.56458984375,-10.0778628798,-7.35589100869,7.35589100869,10.0778628798l,
1.17834960938,-1.07057373047,11.9559375,-5.09226329635,-5.60647385628,5.60647385628,5.09226329635l,
0.845441894531,-4.34935546875,11.8984570313,-20.0328755314,-3.81802422454,3.81802422454,20.0328755314l,
2.01181640625,-0.661025390625,9.29986083984,-3.97407197453,-12.1767632949,12.1767632949,3.97407197453l,
0.368833007813,-0.318537597656,9.42919189453,-1.933356695,-2.23876837879,2.23876837879,1.933356695l,
-1.36995117188,-3.64282470703,8.36340820313,-23.2598994954,8.5406106921,-8.5406106921,23.2598994954l,
1.32205078125,-0.225131835938,9.87227050781,-1.29481844973,-7.62545895509,7.62545895509,1.29481844973l,
-0.220341796875,0.742456054688,10.3776196289,4.09127575699,1.21324416653,-1.21324416653,-4.09127575699l,
-0.378413085938,-3.45122314453,11.4793286133,-16.7246589939,1.80816247837,-1.80816247837,16.7246589939l,
1.83218994141,-4.16972900391,6.72521484375,-30.8883504594,-13.0366759592,13.0366759592,30.8883504594l,
1.80584472656,-0.936452636719,10.0542919922,-5.23781711125,-10.1393233965,10.1393233965,5.23781711125l,
1.47054199219,-1.47772705078,10.9620043945,-7.61008373158,-7.57286418033,7.57286418033,7.61008373158l,
1.42264160156,1.77231445313,11.1967163086,8.92407451309,-7.15301717966,7.15301717966,-8.92407451309l,
1.16637451172,1.73159912109,11.0194848633,8.8816000765,-5.96935156605,5.96935156605,-8.8816000765l,
-0.00718505859375,-0.232316894531,10.959609375,-1.21434816857,0.0375543508162,-0.0375543508162,1.21434816857l,
3.06322998047,-1.32205078125,10.8781787109,-6.67229146383,-15.6176537253,15.6176537253,6.67229146383l,
1.46575195313,-5.58758056641,10.0518969727,-28.813260445,-7.26324917914,7.26324917914,28.813260445l,
0.301772460938,-1.46096191406,11.3356274414,-7.34135623164,-1.51244104871,1.51244104871,7.34135623164l,
1.66214355469,-2.85007324219,8.56698486328,-18.0865674809,-10.431184035,10.431184035,18.0865674809l,
1.62142822266,-2.11240722656,10.653046875,-11.0912563689,-8.49133578153,8.49133578153,11.0912563689l,
-1.02746337891,-0.617915039063,9.46032714844,-3.71526296599,6.18538382699,-6.18538382699,3.71526296599l,
0.474213867188,-1.09452392578,9.02682861328,-6.90406877413,-2.98537663675,2.98537663675,6.90406877413l,
0.373623046875,-0.821491699219,8.6987109375,-5.38997689532,-2.4485491737,2.4485491737,5.38997689532l,
-3.28596679688,-1.34839599609,9.52020263672,-7.62566921246,18.867680598,-18.867680598,7.62566921246l,
-0.529299316406,-0.984353027344,8.07600585937,-6.93454997953,3.72231799995,-3.72231799995,6.93454997953l,
-2.97221923828,-4.06674316406,8.69392089844,-23.8750070338,17.2061276792,-17.2061276792,23.8750070338l,
-1.21906494141,-1.03943847656,8.80648681641,-6.66852570134,7.82760225335,-7.82760225335,6.66852570134l,
0.0790356445313,0.787961425781,8.99808837891,5.0044253226,-0.501332034403,0.501332034403,-5.0044253226l,
-1.98786621094,-3.30273193359,10.4542602539,-17.2423111358,10.2769806994,-10.2769806994,17.2423111358l,
-2.5674609375,-0.967587890625,10.8590185547,-4.9559361266,13.2518468969,-13.2518468969,4.9559361266l,
-1.57831787109,0.438288574219,10.4374951172,2.37753918656,8.59144240764,-8.59144240764,-2.37753918656l,
0.0,-0.05748046875,8.19575683594,-0.401834062738,-0.0,0.0,0.401834062738l,
-0.397573242188,-0.296982421875,8.03529052734,-2.11409105782,2.83066338626,-2.83066338626,2.11409105782l,
-1.10410400391,-3.9469921875,10.6051464844,-20.3133582784,5.57280542583,-5.57280542583,20.3133582784l,
0.0502954101563,2.08845703125,11.9679125977,9.89862233824,-0.2372008474,0.2372008474,-9.89862233824l,
-1.12565917969,-1.65735351563,10.612331543,-8.82758571871,5.98278856564,-5.98278856564,8.82758571871l,
-1.149609375,0.507744140625,9.17771484375,3.14207589066,7.12894873974,-7.12894873974,-3.14207589066l,
-0.136516113281,-0.0742456054688,9.30225585938,-0.457245165748,0.840762360157,-0.840762360157,0.457245165748l,
-1.05380859375,-1.10889404297,12.0277880859,-5.24746723021,4.98611646073,-4.98611646073,5.24746723021l,
-1.29091552734,0.773591308594,11.9415673828,3.68511070976,6.15706162015,-6.15706162015,-3.68511070976l,
-0.170046386719,-2.18904785156,9.87227050781,-12.5005172878,0.963406754772,-0.963406754772,12.5005172878l,
-2.69200195313,-1.96152099609,11.455378418,-9.4636559124,13.0413130949,-13.0413130949,9.4636559124l,
1.1112890625,-2.30400878906,10.7823779297,-12.000015907,-5.75540152787,5.75540152787,12.000015907l,
-1.84177001953,0.905317382813,10.1165625,5.03143341189,10.2777854219,-10.2777854219,-5.03143341189l,
1.25978027344,0.687370605469,8.75858642578,4.44182830187,-8.16017938212,8.16017938212,-4.44182830187l,
2.53153564453,-1.68848876953,11.3571826172,-8.25657286493,-12.4335612137,12.4335612137,8.25657286493l,
0.208366699219,-0.663420410156,8.03050048828,-4.72104650406,-1.48127126383,1.48127126383,4.72104650406l,
-2.54351074219,-0.536484375,9.94172607422,-2.9926446405,14.3308485058,-14.3308485058,2.9926446405l,
-0.589174804688,-3.94938720703,10.7344775391,-20.1714735658,2.94872988339,-2.94872988339,20.1714735658l,
2.29921875,-1.67651367188,11.1679760742,-8.36450888602,-11.5078389114,11.5078389114,8.36450888602l,
-0.177231445313,-0.864602050781,9.66629882813,-5.11036470375,1.04622373464,-1.04622373464,5.11036470375l,
0.086220703125,-1.50646728516,7.92751464844,-10.7590162879,-0.612177508745,0.612177508745,10.7590162879l,
1.00830322266,-1.22145996094,8.01373535156,-8.59958890385,-7.09033622916,7.09033622916,8.59958890385l,
-0.677790527344,-1.47533203125,11.3212573242,-7.41154878816,3.39748372977,-3.39748372977,7.41154878816l,
3.10155029297,-1.76991943359,10.8206982422,-8.93581821031,-15.7947324182,15.7947324182,8.93581821031l,
-0.570014648438,2.87641845703,10.2554736328,15.6445935024,3.06333951924,-3.06333951924,-15.6445935024l,
-3.68114501953,0.778381347656,8.10474609375,4.99741884381,24.3284826126,-24.3284826126,-4.99741884381l,
0.0622705078125,-3.25962158203,10.8614135742,-16.7047802902,-0.314621135539,0.314621135539,16.7047802902l,
-0.385598144531,-1.149609375,12.4588916016,-5.26937084779,1.76522358127,-1.76522358127,5.26937084779l,
-1.33402587891,-3.12071044922,11.2158764648,-15.445101097,6.53689511703,-6.53689511703,15.445101097l,
-0.534089355469,-1.69327880859,10.9452392578,-8.78391570736,2.76082649021,-2.76082649021,8.78391570736l,
1.50646728516,0.787961425781,10.3225341797,4.31957514225,-8.27935982198,8.27935982198,-4.31957514225l,
2.15791259766,-1.16397949219,9.52259765625,-6.79819691349,-12.6768663188,12.6768663188,6.79819691349l,
-3.19016601563,-0.529299316406,10.499765625,-2.76143082673,16.8802526211,-16.8802526211,2.76143082673l,
-3.54702392578,-2.37346435547,10.7584277344,-11.8334718269,17.8462441578,-17.8462441578,11.8334718269l,
3.65000976563,0.464633789063,9.2351953125,2.67887978929,-21.5405851457,21.5405851457,-2.67887978929l,
1.71243896484,0.5748046875,8.36580322266,3.85094750666,-11.5418812605,11.5418812605,-3.85094750666l,
3.20214111328,-2.43812988281,9.26154052734,-13.9716184673,-18.487583472,18.487583472,13.9716184673l,
-3.20932617188,-1.43222167969,8.29155761719,-9.15098488293,20.8774178161,-20.8774178161,9.15098488293l,
1.95673095703,1.19511474609,10.6482568359,6.2992292029,-10.3489838248,10.3489838248,-6.2992292029l,
-2.29682373047,-0.150886230469,8.33227294922,-1.00014165086,15.4086721077,-15.4086721077,1.00014165086l,
-3.18777099609,-1.87530029297,9.78604980469,-10.3263873079,17.7407868709,-17.7407868709,10.3263873079l,
2.70876708984,0.972377929688,11.3811328125,4.75127645198,-13.3407517393,13.3407517393,-4.75127645198l,
1.13044921875,-0.962797851563,9.886640625,-5.52635437214,-6.49248405764,6.49248405764,5.52635437214l,
-1.9543359375,-0.673000488281,11.7379907227,-3.23701114305,9.43762300658,-9.43762300658,3.23701114305l,
-2.56985595703,-1.23822509766,9.42200683594,-7.22580517514,15.1322768092,-15.1322768092,7.22580517514l,
-1.29091552734,-2.32795898437,10.1021923828,-12.8755904743,7.09805955234,-7.09805955234,12.8755904743l,
-1.916015625,1.61903320313,11.1751611328,8.12657036617,9.63031045189,-9.63031045189,-8.12657036617l,
1.36995117188,-1.69327880859,9.2351953125,-10.2797663445,-8.3013335925,8.3013335925,10.2797663445l,
-1.29331054688,-1.45377685547,9.75970458984,-8.3999446495,7.46714753618,-7.46714753618,8.3999446495l,
1.21666992188,0.905317382813,12.0086279297,4.28943428973,-5.76899600055,5.76899600055,-4.28943428973l,
0.601149902344,1.50646728516,10.0854272461,8.48066684425,-3.37378280437,3.37378280437,-8.48066684425l,
1.98786621094,0.605939941406,10.3848046875,3.27993125253,-10.8185432711,10.8185432711,-3.27993125253l,
-1.51365234375,-2.07408691406,11.0865454102,-10.5012600648,7.64355408597,-7.64355408597,10.5012600648l,
1.4178515625,-4.38288574219,8.80409179688,-26.1737022783,-8.20369116133,8.20369116133,26.1737022783l,
-0.570014648438,-4.66070800781,10.8135131836,-23.2875361322,2.77142504984,-2.77142504984,23.2875361322l,
-0.21076171875,0.21076171875,9.94651611328,1.21361501353,1.21361501353,-1.21361501353,-1.21361501353l,
-0.009580078125,3.44643310547,11.2326416016,17.0572134939,0.0467168082481,-0.0467168082481,-17.0572134939l,
0.0550854492188,-4.33259033203,9.09149414063,-25.4799251363,-0.313385756096,0.313385756096,25.4799251363l,
1.89206542969,-1.19032470703,6.77551025391,-9.60387109913,-15.3783035796,15.3783035796,9.60387109913l,
-0.392783203125,0.866997070313,9.81479003906,5.04414680497,2.28284676966,-2.28284676966,-5.04414680497l,
-1.23104003906,0.570014648438,8.96934814453,3.60265299342,7.79945905941,-7.79945905941,-3.60265299342l,
-0.627495117188,-1.81302978516,9.98244140625,-10.2741135755,3.53912622545,-3.53912622545,10.2741135755l,
2.20102294922,-1.11368408203,9.886640625,-6.2746673674,-12.4744479413,12.4744479413,6.2746673674l,
-1.71722900391,-2.94108398438,9.33099609375,-17.2228765225,9.95528655855,-9.95528655855,17.2228765225l,
-4.15056884766,0.948427734375,8.353828125,5.80554880881,26.2743968839,-26.2743968839,-5.80554880881l,
-1.33881591797,-1.95912597656,10.075847168,-10.9096209882,7.43120109122,-7.43120109122,10.9096209882l,
0.208366699219,-0.495769042969,10.0710571289,-2.81762863945,-1.18382770543,1.18382770543,2.81762863945l,
-0.225131835938,-1.04183349609,7.98978515625,-7.42629060164,1.60048032909,-1.60048032909,7.42629060164l,
-2.4525,0.205971679688,10.7871679688,1.0666666948,12.806407322,-12.806407322,-1.0666666948l,
-0.0622705078125,-4.2535546875,6.83299072266,-31.9013049806,0.443269201759,-0.443269201759,31.9013049806l,
1.97349609375,-0.76640625,10.2913989258,-4.18304879963,-10.8260891023,10.8260891023,4.18304879963l,
-0.313747558594,-1.12326416016,8.82325195313,-7.25060870146,2.02024087073,-2.02024087073,7.25060870146l,
-0.205971679688,0.143701171875,10.6099365234,0.775821467227,1.11204660651,-1.11204660651,-0.775821467227l,
0.376018066406,-2.17228271484,11.5152539063,-10.6773982801,-1.83787360434,1.83787360434,10.6773982801l,
0.28740234375,-2.58183105469,8.57177490234,-16.7534911646,-1.83880612133,1.83880612133,16.7534911646l,
3.46319824219,0.924477539063,10.7512426758,4.67902864312,-17.7933282927,17.7933282927,-4.67902864312l,
-2.87881347656,-0.871787109375,10.9069189453,-4.41920782523,14.7407106073,-14.7407106073,4.41920782523l,
-1.6477734375,1.27415039063,11.5751293945,6.21942935626,8.05388226146,-8.05388226146,-6.21942935626l,
-1.54478759766,-2.65847167969,11.0793603516,-13.3683115966,7.72113202859,-7.72113202859,13.3683115966l,
1.20469482422,-1.77949951172,8.32269287109,-11.9479707366,-8.05662772006,8.05662772006,11.9479707366l,
0.512534179688,0.589174804688,8.73463623047,3.852303323,-3.35057572855,3.35057572855,-3.852303323l,
-3.45361816406,0.845441894531,12.6145678711,3.69857933994,15.2785833247,-15.2785833247,-3.69857933994l,
-0.886157226563,-0.383203125,8.96455810547,-2.43584395532,5.6402978915,-5.6402978915,2.43584395532l,
-0.989143066406,-3.142265625,9.94412109375,-17.4552612676,5.41815125911,-5.41815125911,17.4552612676l,
2.56027587891,-1.08494384766,11.8649267578,-5.10774817479,-12.127784649,12.127784649,5.10774817479l,
-0.102985839844,-3.68833007813,8.52866455078,-23.385164739,0.634996849562,-0.634996849562,23.385164739l,
1.22385498047,-2.62015136719,9.52020263672,-15.2682642876,-7.06548932014,7.06548932014,15.2682642876l,
0.495769042969,-2.43812988281,10.1548828125,-13.4853702768,-2.71788566531,2.71788566531,13.4853702768l,
-1.18074462891,-0.902922363281,8.27958251953,-6.16188832941,8.0689758782,-8.0689758782,6.16188832941l,
0.795146484375,-3.46559326172,8.90468261719,-21.1885888037,-4.75692272189,4.75692272189,21.1885888037l,
0.433498535156,-3.56139404297,11.1799511719,-17.6569306811,-2.115853048,2.115853048,17.6569306811l,
0.500559082031,-0.835861816406,9.68066894531,-4.92832156806,-2.94900833967,2.94900833967,4.92832156806l,
1.82260986328,-1.01548828125,9.17292480469,-6.19703017983,-11.1714765099,11.1714765099,6.19703017983l,
0.251477050781,-1.80344970703,13.1390771484,-7.81408111202,-1.08630334272,1.08630334272,7.81408111202l,
-1.82260986328,-0.328117675781,10.4734204102,-1.76785823571,9.86714331704,-9.86714331704,1.76785823571l,
-1.11607910156,-4.39246582031,11.3284423828,-21.1000904775,5.24828174635,-5.24828174635,21.1000904775l,
