0.495769042969,-0.431103515625,9.3884765625
0.433498535156,-1.05859863281,10.3249291992
-0.565224609375,-4.55772216797,7.48922607422
0.543669433594,-1.43222167969,9.84592529297
-0.28740234375,-1.29091552734,9.66390380859
0.165256347656,-1.67411865234,9.91777587891
-2.42615478516,-0.01916015625,8.40172851563
-1.43701171875,-0.596359863281,11.0218798828
-0.97716796875,-1.62382324219,7.95625488281
0.076640625,-2.40220458984,9.15615966797
0.759221191406,1.82260986328,9.63037353516
-1.34839599609,-1.08733886719,8.94779296875
-2.85486328125,-2.04295166016,8.57656494141
-0.649050292969,-2.74469238281,10.6075415039
1.75075927734,-0.639470214844,8.98850830078
-0.354462890625,0.15328125,10.3153491211
0.282612304688,-1.05380859375,8.84001708984
-0.213156738281,-2.21539306641,11.1344458008
-3.33865722656,0.0981958007813,9.04359375
-0.998723144531,-2.47884521484,10.8925488281
0.706530761719,-2.63691650391,10.7847729492
0.718505859375,-2.40699462891,10.693762207
-0.835861816406,0.263452148438,10.8087231445
-0.581989746094,-4.24397460937,7.64011230469
1.83697998047,2.74948242188,8.43286376953
0.749641113281,-2.64170654297,10.0518969727
0.009580078125,-0.251477050781,11.1607910156
-2.27526855469,-1.36516113281,11.112890625
-2.74708740234,0.510139160156,10.9691894531
-1.39150634766,-2.69918701172,8.04966064453
-1.16637451172,-2.66565673828,10.423125
-0.232316894531,-1.32205078125,10.4614453125
-0.787961425781,-1.62861328125,8.67236572266
-2.39741455078,-1.00590820312,9.62318847656
1.13763427734,-2.88839355469,10.7129223633
-3.13987060547,-0.0311352539063,11.0290649414
-0.246687011719,-0.292192382813,11.4146630859
-0.541274414062,3.20693115234,9.95609619141
0.387993164063,1.32684082031,9.04359375
-0.946032714844,-1.91122558594,10.0231567383
0.186811523438,-2.79019775391,9.23280029297
0.598754882812,-0.0047900390625,10.2961889648
2.51716552734,-5.94443847656,10.6482568359
-2.17707275391,-1.21906494141,9.55133789062
-2.1842578125,-1.22145996094,9.18968994141
-3.14705566406,0.898132324219,10.6458618164
0.490979003906,-1.25499023438,9.17052978516
-2.46447509766,-1.09691894531,9.17292480469
-0.720900878906,-0.00239501953125,9.01485351563
1.07775878906,2.23455322266,10.459050293
1.11368408203,0.0718505859375,9.80281494141
2.15551757812,-1.72680908203,11.0170898438
-1.35318603516,-1.06578369141,10.4351000977
1.45138183594,-1.48012207031,7.64250732422
0.390388183594,-1.63100830078,8.86875732422
1.11847412109,-1.34839599609,10.9021289063
-3.57097412109,-0.265847167969,10.7296875
0.955612792969,0.553249511719,8.75379638672
-0.567619628906,0.742456054688,9.04119873047
1.07057373047,-0.622705078125,9.88185058594
-1.64058837891,-2.89318359375,7.36947509766
-2.02379150391,-4.30145507813,9.64713867188
-1.0346484375,-1.25259521484,6.69886962891
-2.81414794922,-1.73638916016,7.65927246094
-2.02379150391,2.42854980469,8.97413818359
0.986748046875,-0.617915039063,10.9332641602
-0.361647949219,0.522114257812,8.80888183594
1.16876953125,-1.38671630859,10.612331543
2.53393066406,-1.52562744141,10.463840332
-1.41306152344,-4.55772216797,8.96455810547
2.62494140625,1.76512939453,10.1979931641
-1.65735351563,0.00239501953125,10.8039331055
0.165256347656,-3.70749023438,11.0602001953
-1.5711328125,-3.12310546875,9.85550537109
2.67523681641,-2.39741455078,9.36931640625
-1.79386962891,1.07536376953,8.40891357422
0.217946777344,-4.21762939453,8.02571044922
-1.70764892578,-1.73638916016,9.67827392578
2.29921875,-0.495769042969,9.36452636719
-1.68130371094,-4.50024169922,9.94172607422
0.845441894531,-0.809516601563,10.8446484375
-0.0981958007813,-1.00590820312,9.23759033203
3.04646484375,-0.234711914062,9.92735595703
-0.548459472656,1.42503662109,7.47006591797
-2.36627929688,-0.711320800781,9.06275390625
-0.435893554688,0.392783203125,10.2027832031
-1.46335693359,-1.10889404297,10.2482885742
2.22736816406,-0.701740722656,10.7560327148
1.09452392578,0.150886230469,9.26872558594
2.90994873047,-0.876577148438,11.49609375
-1.08254882812,-3.10873535156,9.96807128906
0.076640625,-5.06786132813,7.9323046875
0.155676269531,0.234711914062,10.0590820312
-2.64170654297,-4.01405273438,9.64474365234
-2.19623291016,-1.71722900391,7.67843261719
0.15328125,0.941242675781,8.10953613281
-0.0718505859375,-0.526904296875,11.5224389648
-0.0886157226563,0.857416992188,8.88791748047
-0.155676269531,-3.31710205078,10.3919897461
-0.962797851563,2.07169189453,10.3632495117
-0.433498535156,-1.69567382813,10.0111816406
-0.292192382813,-2.17228271484,7.44851074219
-1.50407226563,-2.69679199219,9.19208496094
-0.797541503906,2.15072753906,9.60402832031
-0.82388671875,2.36388427734,7.65448242188
-0.601149902344,-1.63340332031,10.6482568359
1.48730712891,0.158071289063,9.90101074219
-3.03927978516,-1.29810058594,10.653046875
1.37953125,-4.41402099609,10.3967797852
-2.10043212891,-3.78173583984,7.53233642578
0.0335302734375,-0.615520019531,10.2530786133
1.59268798828,-0.251477050781,11.1081005859
-1.84416503906,0.0263452148438,8.59812011719
1.75554931641,-1.92799072266,8.07121582031
1.56155273437,-1.13523925781,11.0051147461
-0.641865234375,-2.43573486328,9.30465087891
0.684975585938,-1.71243896484,9.57289306641
0.70892578125,1.35079101563,7.80776367188
-0.610729980469,-2.35909423828,11.649375
1.27654541016,-1.14481933594,8.07361083984
1.65495849609,-1.5328125,10.5069506836
-0.668210449219,0.984353027344,10.0495019531
-0.471818847656,0.0598754882812,9.09388916016
-0.237106933594,-0.282612304688,10.2650537109
-0.378413085938,-0.809516601563,10.4734204102
-0.548459472656,-2.22976318359,12.2648950195
1.11368408203,-2.47405517578,11.0602001953
-0.205971679688,-2.47166015625,9.36931640625
0.304167480469,-1.69088378906,10.1884130859
-1.97110107422,1.01069824219,10.8566235352
-1.13763427734,-3.21890625,10.4279150391
-2.39262451172,-5.07025634766,8.73463623047
1.42264160156,1.17116455078,11.2278515625
-0.158071289063,0.514929199219,11.2158764648
-0.689765625,-2.89078857422,9.06993896484
0.833466796875,-2.43573486328,12.1259838867
-3.65240478516,0.150886230469,11.4865136719
-1.97110107422,-1.50886230469,10.8398583984
-2.30879882813,-0.0790356445313,8.53824462891
-0.637075195313,-1.62142822266,9.49625244141
-1.40827148438,0.143701171875,11.0913354492
-0.910107421875,-0.773591308594,8.77295654297
-0.373623046875,-0.926872558594,10.4111499023
0.86220703125,0.59396484375,10.7751928711
1.51604736328,0.531694335938,10.6410717773
1.99505126953,-0.883762207031,10.4279150391
4.05955810547,-0.0934057617188,11.0961254883
-0.996328125,-0.680185546875,8.47357910156
-1.01309326172,-1.78668457031,10.4494702148
-2.60578125,-2.61775634766,9.67587890625
-0.993933105469,-4.53856201172,9.93933105469
-0.644260253906,-0.2682421875,11.6469799805
0.0646655273438,-0.996328125,8.40412353516
-2.20820800781,-4.35893554688,8.0089453125
-3.19256103516,-0.340092773437,8.15264648438
0.076640625,-2.46687011719,9.86269042969
-1.22625,-3.84640136719,9.77646972656
1.03943847656,0.186811523438,11.6541650391
-3.1805859375,-2.72553222656,10.5093457031
-4.8666796875,-3.22369628906,11.0554101562
1.16876953125,-1.29570556641,7.79099853516
-0.953217773438,-2.988984375,8.96216308594
-0.807121582031,0.455053710938,11.7044604492
-1.302890625,1.00830322266,10.1716479492
0.198786621094,-0.718505859375,11.5248339844
-2.13396240234,-2.96503417969,7.80057861328
-0.775986328125,-3.57336914063,12.3295605469
-0.701740722656,-0.105380859375,8.21252197266
0.581989746094,-1.66453857422,7.97781005859
1.52802246094,-1.65495849609,12.6073828125
3.03927978516,0.275427246094,9.07472900391
-0.383203125,-1.31486572266,11.1943212891
0.222736816406,2.42615478516,9.91538085938
1.29331054688,-2.52435058594,9.69024902344
-1.71962402344,0.201181640625,9.9249609375
-1.48491210938,0.543669433594,7.39103027344
0.237106933594,1.22145996094,9.91298583984
0.443078613281,-1.49688720703,9.58247314453
3.13508056641,1.20469482422,9.93454101563
0.32572265625,1.17116455078,11.1943212891
-2.39980957031,-1.85374511719,10.5165307617
-1.50646728516,-0.507744140625,8.55261474609
-0.931662597656,-3.32428710938,10.3632495117
-0.428708496094,0.481398925781,10.1165625
-0.9196875,1.07057373047,10.2051782227
0.399968261719,-1.29810058594,9.77407470703
-1.59987304687,-2.27047851563,8.99090332031
0.943637695313,-5.6330859375,10.7320825195
-1.08973388672,-3.90388183594,8.15264648438
-0.692160644531,0.361647949219,10.0782421875
0.234711914062,-0.368833007813,11.4625634766
0.723295898438,-1.58550292969,9.28788574219
-1.18313964844,1.71962402344,10.305769043
-0.411943359375,-2.70637207031,9.73096435547
-1.77949951172,-2.07408691406,10.2890039063
0.888552246094,-2.02858154297,7.55149658203
-2.7590625,-3.7170703125,10.8446484375
0.991538085938,-0.270637207031,11.6230297852
0.40236328125,0.285007324219,9.28309570313
1.94954589844,-0.943637695313,11.5966845703
1.71962402344,-1.70764892578,8.91905273438
-2.6441015625,-2.30161376953,9.16094970703
0.383203125,0.426313476563,11.9487524414
-0.117355957031,-0.63228515625,7.92751464844
0.510139160156,-2.56027587891,8.34424804688
-0.356857910156,-1.36516113281,8.67955078125
0.558039550781,-3.142265625,12.0613183594
0.615520019531,-3.54702392578,11.3667626953
0.419128417969,-0.78556640625,11.2757519531
-1.61184814453,-4.44276123047,7.88440429688
3.45840820313,-3.03209472656,10.1093774414
1.88967041016,-2.94587402344,9.6183984375
-2.26568847656,-2.51477050781,8.91186767578
1.22145996094,-1.04901855469,9.99920654297
1.04183349609,1.67411865234,9.35973632813
-0.536484375,-1.38671630859,11.460168457
-1.42503662109,-5.08462646484,8.88552246094
-0.352067871094,-3.14945068359,10.8685986328
-2.22497314453,-1.06338867188,9.06754394531
-1.50167724609,-1.11607910156,10.2913989258
-0.280217285156,-0.0646655273438,12.456496582
0.541274414062,-1.77470947266,11.2949121094
1.88248535156,1.15439941406,9.06754394531
-1.15679443359,-2.61536132813,10.9811645508
2.74469238281,-1.46335693359,8.05445068359
2.67044677734,1.27894042969,8.81127685547
-0.220341796875,1.81542480469,8.86875732422
0.376018066406,0.237106933594,9.70222412109
0.170046386719,-4.42360107422,9.23040527344
1.49209716797,-0.0167651367188,9.77407470703
1.02027832031,-1.36276611328,9.84113525391
0.814306640625,-2.89557861328,8.35622314453
1.20948486328,-1.9543359375,12.0493432617
0.97716796875,-1.916015625,9.39566162109
-1.02506835938,1.06338867188,8.6220703125
-2.82133300781,-2.99616943359,11.3452075195
-1.39869140625,-3.07041503906,12.3199804687
-0.2682421875,-0.239501953125,9.41003173828
-1.40108642578,-4.42120605469,8.18857177734
-0.78556640625,-2.51477050781,10.5261108398
-1.06099365234,0.9580078125,10.2267333984
-1.60466308594,-3.37937255859,9.63276855469
-2.40938964844,-1.43701171875,11.1296557617
-1.02027832031,-1.54478759766,8.18138671875
0.70892578125,0.979562988281,9.62558349609
-1.43461669922,-3.86077148438,9.84592529297
-1.73878417969,1.66932861328,11.608659668
0.253872070313,-3.59492431641,9.58726318359
-1.50646728516,-0.44068359375,9.71419921875
-1.61663818359,-3.40092773438,9.03640869141
2.44531494141,-5.30257324219,8.48794921875
-1.63340332031,0.162861328125,11.5703393555
0.189206542969,0.603544921875,9.25675048828
-0.186811523438,0.476608886719,7.82213378906
-4.30864013672,-1.149609375,10.4949755859
-2.61536132813,-4.39965087891,10.8781787109
-0.131726074219,-1.36516113281,9.82916015625
0.443078613281,-4.56490722656,10.387199707
-1.60466308594,-0.452658691406,9.56091796875
-1.88488037109,-1.08733886719,8.55021972656
-0.342487792969,-1.20229980469,11.0961254883
0.82388671875,0.399968261719,9.18250488281
-0.203576660156,-0.629890136719,8.86636230469
-1.28373046875,0.847836914063,10.2961889648
-1.43940673828,-0.495769042969,8.69152587891
0.756826171875,0.45984375,11.5535742188
1.36037109375,0.112565917969,10.3895947266
0.308957519531,-4.93613525391,8.72745117187
1.36276611328,-3.06083496094,8.8519921875
2.47166015625,-1.43461669922,7.15631835938
-0.524509277344,-3.16142578125,9.03161865234
1.21666992188,-2.01900146484,13.3857641602
-1.61663818359,-1.73638916016,8.51668945313
-0.883762207031,-1.84656005859,9.76449462891
-0.3448828125,1.60705810547,9.41242675781
-0.821491699219,-2.1459375,9.93454101563
-1.36276611328,-0.0383203125,7.6640625
-1.52323242188,-0.845441894531,12.2744750977
-0.835861816406,3.1039453125,8.9286328125
0.673000488281,0.387993164063,11.843371582
0.613125,-2.97700927734,7.84129394531
0.730480957031,2.682421875,8.21731201172
0.809516601563,-1.78668457031,12.7462939453
0.198786621094,-3.93741210938,8.39693847656
-0.675395507813,-2.61775634766,9.34057617188
-0.725690917969,-0.82388671875,9.5034375
-0.431103515625,1.4178515625,9.36213134766
0.347277832031,-0.0167651367188,8.7753515625
-2.09085205078,-2.95784912109,8.63644042969
-3.5637890625,-0.759221191406,11.3116772461
-0.4981640625,-2.26568847656,10.9476342773
-0.24908203125,-2.87162841797,12.5427172852
-4.10745849609,-2.90036865234,8.26281738281
0.158071289063,-0.328117675781,10.7895629883
0.263452148438,-3.83203125,10.9979296875
-0.840651855469,0.711320800781,9.93214599609
-0.558039550781,0.543669433594,8.93342285156
-0.0790356445313,1.00590820312,10.2818188477
0.237106933594,-1.38432128906,10.2961889648
-2.71834716797,-3.49912353516,7.99457519531
1.75554931641,0.244291992188,9.49146240234
0.117355957031,-0.565224609375,9.35015625
-2.84049316406,2.69200195313,8.74661132813
-1.6477734375,-1.00111816406,9.79083984375
-0.780776367187,-0.843046875,13.1007568359
-0.687370605469,-2.03816162109,12.2050195313
1.40587646484,-1.35079101563,8.8519921875
-1.95912597656,-0.965192871094,9.76209960938
-1.74836425781,-0.538879394531,9.57049804688
1.31247070313,-3.17579589844,10.310559082
-1.12565917969,1.8010546875,11.8481616211
-0.495769042969,1.94475585938,10.3967797852
-1.38911132813,-3.01293457031,9.29746582031
0.275427246094,1.42264160156,9.580078125
-1.43222167969,-0.416733398438,8.80888183594
-0.251477050781,-1.00590820312,10.6841821289
0.500559082031,-0.179626464844,9.88903564453
0.828676757813,0.356857910156,11.0146948242
-2.7973828125,-1.29570556641,11.7763110352
1.03943847656,0.146096191406,7.59221191406
-3.32428710938,-1.01069824219,8.52866455078
1.20229980469,-0.356857910156,11.0146948242
-1.57831787109,-2.23455322266,11.9750976562
-0.00718505859375,1.38671630859,8.53824462891
-2.20820800781,1.26936035156,11.3308374023
0.148491210938,-0.579594726562,8.77774658203
-0.0814306640625,-0.265847167969,9.06035888672
-0.251477050781,2.50519042969,9.24717041016
1.27175537109,-1.02506835938,10.4830004883
1.21906494141,-1.61903320313,11.3308374023
2.00223632812,-2.51956054688,8.25563232422
-0.898132324219,2.72792724609,9.86987548828
-0.663420410156,-3.07999511719,9.18489990234
-1.69088378906,-2.36627929688,11.5008837891
1.91122558594,-4.56730224609,10.9787695313
0.208366699219,-0.737666015625,12.7199487305
3.85837646484,-2.46687011719,9.38608154297
-4.06674316406,-0.318537597656,9.94651611328
-1.32205078125,0.385598144531,10.4039648437
1.00590820312,-1.02506835938,9.93214599609
2.90515869141,0.534089355469,9.83874023438
0.450263671875,1.54957763672,10.7416625977
0.673000488281,2.24173828125,8.07121582031
-0.605939941406,-1.96152099609,8.55261474609
1.78907958984,0.924477539063,8.97413818359
-0.9580078125,0.816701660156,9.89622070313
2.33035400391,0.368833007813,9.0819140625
-0.591569824219,-0.936452636719,7.68801269531
-1.30528564453,-2.69200195313,11.4314282227
2.17467773437,-1.90404052734,7.86524414063
0.780776367187,0.356857910156,9.82676513672
-0.308957519531,-2.21539306641,11.3452075195
-0.589174804688,2.28963867188,11.4434033203
0.579594726562,-0.718505859375,9.25675048828
0.100590820313,-0.888552246094,9.63995361328
0.201181640625,-0.514929199219,11.6996704102
-2.36148925781,-4.32540527344,11.3883178711
-1.37713623047,-4.01884277344,8.60051513672
-0.984353027344,-0.653840332031,8.37298828125
-0.6514453125,-1.65974853516,10.9284741211
0.701740722656,-1.49209716797,10.1620678711
0.902922363281,-0.658630371094,8.10953613281
-0.675395507813,-3.20693115234,9.36692138672
0.155676269531,-2.50758544922,10.4542602539
-2.4525,-1.63100830078,7.74309814453
-0.687370605469,-0.742456054688,9.53217773438
0.735270996094,-2.9506640625,7.78141845703
0.273032226563,-1.67411865234,8.66997070313
0.0407153320313,-3.01772460938,9.67827392578
-1.41545654297,-3.23327636719,12.1643041992
0.009580078125,1.5328125,8.27239746094
-0.7280859375,-3.04646484375,7.86524414063
0.196391601563,-2.19383789063,7.42456054688
-1.149609375,0.546064453125,10.2434985352
-2.27526855469,0.455053710938,12.4445214844
-1.75554931641,-2.03816162109,12.0014428711
0.464633789063,0.0431103515625,10.5476660156
-1.20469482422,-3.15903076172,10.1285375977
-0.603544921875,-0.36404296875,9.95849121094
0.270637207031,-1.89206542969,9.49385742188
-0.05748046875,-1.02746337891,11.1368408203
0.792751464844,-0.835861816406,8.03050048828
-0.112565917969,1.04662353516,10.382409668
-1.80584472656,-0.9580078125,9.15136962891
1.77231445313,-0.591569824219,7.09883789063
-0.239501953125,-1.54957763672,8.53345458984
-3.81287109375,3.09197021484,10.7201074219
0.0598754882812,-1.20948486328,9.733359375
0.294587402344,0.989143066406,8.81846191406
-1.05141357422,-1.55197265625,7.34312988281
-0.840651855469,-2.44770996094,10.9524243164
0.335302734375,-1.90643554688,10.4494702148
-0.934057617188,2.60578125,10.4542602539
-3.52546875,-1.68369873047,10.4039648437
0.641865234375,-0.742456054688,10.2818188477
0.816701660156,-4.06913818359,10.4039648437
1.44180175781,-1.40827148438,8.83283203125
-1.53760253906,-0.4215234375,6.25818603516
-2.16030761719,-0.888552246094,8.87833740234
-2.73990234375,1.04183349609,8.01852539063
-2.16749267578,-1.93996582031,11.6829052734
-3.72904541016,-0.646655273438,9.16813476563
-2.55069580078,-1.65735351563,9.86508544922
-0.814306640625,-0.546064453125,11.1368408203
-1.55197265625,-1.73638916016,12.9187353516
-0.205971679688,-2.38304443359,8.18138671875
-1.18313964844,-1.41066650391,11.2374316406
-0.649050292969,-3.42248291016,9.40763671875
1.77710449219,-0.17244140625,10.7248974609
1.39869140625,-0.397573242188,9.63995361328
0.558039550781,-4.50263671875,10.0447119141
-0.876577148438,0.531694335938,8.50231933594
-1.53760253906,2.41657470703,8.28676757812
3.07041503906,-1.73878417969,10.7727978516
-3.14705566406,2.07887695312,10.8973388672
1.20948486328,-1.78189453125,11.8960620117
-0.00239501953125,-0.684975585938,8.86396728516
0.797541503906,0.213156738281,9.37650146484
-2.05732177734,0.512534179688,10.2818188477
0.723295898438,-1.19271972656,10.4303100586
-0.0550854492188,-0.941242675781,8.81606689453
1.58789794922,-0.217946777344,10.8925488281
-0.196391601563,-2.30161376953,8.55979980469
0.162861328125,1.22145996094,9.46272216797
2.4908203125,-0.960402832031,9.40763671875
-0.790356445313,-4.67747314453,10.5835913086
-0.301772460938,-1.18074462891,9.72856933594
2.24173828125,-0.581989746094,7.33833984375
-0.981958007813,-1.73159912109,8.52626953125
-1.52323242188,-0.572409667969,11.4865136719
-2.5674609375,0.234711914062,10.7727978516
-1.88009033203,0.126936035156,10.0518969727
1.30768066406,-1.52562744141,9.53936279297
1.71004394531,-1.58550292969,10.2267333984
1.24301513672,-0.445473632813,8.74900634766
-0.924477539063,0.158071289063,8.966953125
3.27638671875,-2.53153564453,10.959609375
1.37234619141,-1.66214355469,10.3033740234
1.23343505859,2.81654296875,10.9979296875
-1.69806884766,-0.507744140625,7.37905517578
-1.49688720703,1.75075927734,9.00766845703
0.675395507813,0.610729980469,8.09037597656
-0.155676269531,-0.222736816406,10.2626586914
0.912502441406,-5.40795410156,10.0087866211
-1.18074462891,-0.972377929688,10.1692529297
0.998723144531,-0.512534179688,8.43046875
1.25020019531,-1.90883056641,10.8685986328
-0.100590820313,-2.91952880859,9.64713867188
-3.44643310547,0.617915039063,9.40524169922
-1.62382324219,-2.47884521484,7.42935058594
2.80696289062,-0.780776367187,7.34552490234
-0.162861328125,-2.20341796875,8.09756103516
-2.55069580078,0.201181640625,10.6650219727
-0.723295898438,-0.752036132813,9.76928466797
0.895737304688,-1.96152099609,9.43637695313
-0.720900878906,-0.282612304688,10.459050293
0.737666015625,0.100590820313,8.72266113281
-1.65974853516,-2.53872070313,10.8853637695
1.65735351563,-1.26696533203,10.0303417969
0.725690917969,2.35430419922,9.33578613281
-1.91841064453,-0.737666015625,9.10346923828
1.52802246094,1.12326416016,10.9212890625
-0.141306152344,-1.55915771484,9.733359375
1.20469482422,-0.546064453125,8.05924072266
-0.7280859375,2.50040039063,9.89622070313
1.48491210938,-4.21283935547,12.492421875
-0.55564453125,-4.26792480469,10.4686303711
-3.02969970703,-2.04295166016,11.6757202148
-3.96136230469,-2.42375976563,12.1619091797
-1.35558105469,0.567619628906,10.1309326172
-0.110170898438,1.9543359375,10.4374951172
-0.586779785156,0.778381347656,9.17771484375
-0.009580078125,0.462238769531,10.463840332
0.356857910156,-2.53153564453,9.20645507812
0.450263671875,-1.42982666016,9.87466552734
-0.426313476563,0.335302734375,9.20166503906
2.00463134766,-4.08829833984,10.26984375
-0.32572265625,-3.32428710938,8.25802734375
3.14705566406,-1.21906494141,9.24717041016
-0.361647949219,-0.296982421875,10.7177124023
0.129331054688,2.08606201172,11.8625317383
-1.64298339844,1.69088378906,7.3191796875
-1.32205078125,-4.25834472656,11.153605957
-0.847836914063,0.625100097656,10.612331543
-1.59987304687,-0.70892578125,10.5332958984
-1.13523925781,-1.47054199219,10.653046875
-2.07887695312,-0.780776367187,11.9750976562
3.68593505859,0.316142578125,8.70829101563
1.08015380859,-1.59268798828,11.4098730469
-1.87051025391,0.735270996094,11.0242749023
-0.205971679688,-4.41162597656,9.37171142578
-1.04422851562,-4.14577880859,9.11304931641
-1.01548828125,-2.94347900391,11.3907128906
0.3448828125,0.273032226563,10.3488793945
-1.00830322266,-3.53744384766,11.0146948242
0.0934057617188,-1.58071289063,9.67108886719
1.22625,1.59029296875,11.0075097656
0.0119750976563,-3.28596679688,8.82564697266
1.66214355469,-0.220341796875,10.88296875
-1.32923583984,-3.99968261719,7.87242919922
1.52562744141,-3.50630859375,9.90819580078
-1.40827148438,-3.16621582031,9.98004638672
-2.56027587891,-3.12550048828,8.54782470703
1.39390136719,2.69679199219,6.32764160156
0.299377441406,-3.38416259766,8.92384277344
-0.907712402344,-0.481398925781,8.68673583984
-0.689765625,-0.893342285156,9.43637695313
-1.04183349609,-2.73511230469,8.30353271484
2.86923339844,-0.165256347656,8.71787109375
-2.94587402344,-2.09803710938,11.2206665039
1.81542480469,-0.122145996094,10.5955664063
0.222736816406,-3.15903076172,8.83283203125
0.591569824219,-3.70030517578,10.9883496094
0.289797363281,0.764011230469,7.95625488281
-2.37106933594,-1.46096191406,10.2434985352
-0.965192871094,-3.82963623047,7.12278808594
-1.05859863281,-1.04183349609,10.463840332
1.33881591797,-0.610729980469,8.29395263672
-0.673000488281,-1.79386962891,9.41242675781
-2.48363525391,-0.78556640625,8.09277099609
-2.84528320313,-0.732875976563,8.14067138672
-1.74117919922,-2.37106933594,10.9164990234
-1.20948486328,-4.27271484375,11.6613500977
-0.567619628906,1.29570556641,8.89270751953
0.112565917969,-5.73367675781,8.11193115234
-0.63228515625,0.32572265625,9.10346923828
3.11831542969,0.797541503906,8.65320556641
0.93884765625,0.443078613281,10.0997973633
-1.21187988281,-1.94954589844,9.36931640625
2.42136474609,-3.57097412109,8.59333007812
0.431103515625,0.349672851562,9.01724853516
-0.0119750976563,-4.03081787109,7.58502685547
0.328117675781,0.675395507813,9.17292480469
-0.0431103515625,-0.110170898438,9.20645507812
-0.383203125,-0.493374023438,10.2866088867
-1.60226806641,-3.91346191406,8.2771875
-1.40108642578,0.277822265625,9.42919189453
2.96982421875,1.37953125,10.9045239258
2.73750732422,-0.680185546875,8.82564697266
-1.81781982422,-1.27415039063,10.1860180664
-1.27654541016,-4.06913818359,9.66629882813
-0.869392089844,-4.16972900391,9.80281494141
1.93278076172,-3.75060058594,9.65192871094
0.0790356445313,0.953217773438,9.67348388672
-0.572409667969,0.2682421875,10.6314916992
-4.20565429688,-2.32077392578,8.34185302734
3.46319824219,-1.95194091797,8.67955078125
-3.37697753906,-3.52786376953,10.0542919922
1.31486572266,0.689765625,9.02682861328
-0.764011230469,-0.277822265625,11.0266699219
0.112565917969,-2.80456787109,12.5091870117
0.445473632813,-2.60099121094,8.98371826172
-0.550854492188,2.43333984375,12.3151904297
0.0167651367188,-0.522114257812,9.03161865234
0.366437988281,-0.143701171875,10.1548828125
1.44898681641,-2.25131835937,10.2243383789
-2.19383789063,-4.0236328125,10.423125
0.598754882812,-0.960402832031,7.14913330078
-2.21778808594,3.34344726563,9.53696777344
-2.35669921875,2.51956054688,9.91777587891
-2.18665283203,-1.63340332031,12.2313647461
0.0886157226563,0.562829589844,9.37171142578
0.160466308594,-2.90515869141,8.65081054688
3.20453613281,-3.5637890625,8.13348632813
0.878972167969,-2.76385253906,10.6338867188
0.170046386719,-1.27415039063,10.0447119141
0.229921875,-4.51461181641,11.2853320313
0.387993164063,-0.138911132813,10.459050293
-1.49928222656,-4.23199951172,10.1692529297
-0.843046875,-0.764011230469,13.3857641602
1.4944921875,-1.33642089844,11.1081005859
-0.464633789063,-0.819096679687,8.44004882813
-0.541274414062,-2.56267089844,8.48315917969
-0.725690917969,1.19032470703,8.11672119141
-1.49209716797,-1.88009033203,9.23280029297
0.102985839844,-1.82260986328,10.4542602539
0.773591308594,-4.49784667969,10.9500292969
1.39150634766,1.44180175781,9.29986083984
-2.52435058594,-1.10649902344,9.78604980469
2.39980957031,-3.24285644531,10.3321142578
-1.30768066406,-0.668210449219,9.08430908203
-1.03704345703,2.37346435547,9.91777587891
-0.840651855469,-4.53616699219,9.59444824219
-0.0263452148438,0.213156738281,10.1955981445
-3.9469921875,-1.20469482422,10.3728295898
-1.87290527344,-2.52674560547,10.0327368164
3.73623046875,2.10043212891,10.1692529297
0.617915039063,-4.40204589844,9.38129150391
-1.50886230469,0.7280859375,7.61137207031
0.948427734375,-1.60705810547,7.46527587891
0.890947265625,1.30528564453,10.9428442383
-0.462238769531,-0.40236328125,8.30592773438
-1.68130371094,0.826281738281,7.68082763672
-3.50151855469,-1.31965576172,11.5344140625
0.663420410156,-2.44291992188,9.03161865234
-1.24780517578,-0.17244140625,8.25084228516
-0.280217285156,0.898132324219,12.7798242188
1.65016845703,0.845441894531,11.5511791992
-3.065625,-1.56155273437,6.21028564453
-2.7590625,-1.78668457031,13.1294970703
1.38432128906,-2.96024414062,9.31423095703
-2.60099121094,-2.25371337891,8.3155078125
-0.641865234375,-3.26201660156,11.3116772461
-1.69806884766,0.490979003906,10.5380859375
-0.313747558594,-0.0934057617188,8.78972167969
-1.56873779297,-2.70397705078,12.3080053711
-1.06817871094,-2.35190917969,8.78014160156
-1.32444580078,0.76640625,7.58981689453
-2.75187744141,-2.08845703125,10.4039648437
-0.129331054688,-2.05732177734,11.8960620117
2.30161376953,-3.4105078125,9.50822753906
-0.0550854492188,-1.36995117188,8.44723388672
-0.332907714844,-4.27750488281,8.51668945313
0.486188964844,-0.972377929688,10.1860180664
-1.36755615234,-2.68002685547,8.79211669922
-1.42264160156,-2.85007324219,11.838581543
0.984353027344,-1.80584472656,11.2230615234
-0.0455053710938,-2.35669921875,10.0016015625
-0.677790527344,-0.24908203125,9.15615966797
0.332907714844,-1.49209716797,8.68194580078
-1.57831787109,-0.567619628906,11.1392358398
-1.59747802734,1.10649902344,10.0662670898
-0.234711914062,-1.74117919922,11.7978662109
-0.742456054688,-2.81414794922,11.4242431641
-1.5328125,-2.76385253906,10.7943530273
-0.610729980469,-0.558039550781,10.9164990234
-3.85358642578,-3.61168945313,10.2913989258
1.56155273437,0.541274414062,11.0913354492
0.969982910156,-0.548459472656,8.83043701172
0.962797851563,2.13156738281,12.1906494141
1.15679443359,0.883762207031,8.24605224609
-1.54957763672,-3.78413085938,9.87466552734
-0.641865234375,3.1039453125,9.05796386719
-1.60466308594,-0.277822265625,10.3608544922
-1.35558105469,-4.03321289063,11.9655175781
0.426313476563,-5.03193603516,9.51062255859
-0.8047265625,-0.028740234375,8.94779296875
0.546064453125,-0.531694335938,8.56219482422
-2.39022949219,-3.65240478516,10.5572460938
-1.02985839844,-2.59620117188,8.78014160156
1.96631103516,-2.92431884766,12.1044287109
0.799936523437,-1.20469482422,10.229128418
1.48970214844,-3.85837646484,9.62079345703
-0.507744140625,-1.85374511719,8.11672119141
0.0215551757813,-3.05843994141,10.0974023437
-2.59141113281,0.198786621094,8.31311279297
-2.56985595703,-2.32556396484,13.0193261719
-0.387993164063,-3.27878173828,9.96328125
0.337697753906,1.03704345703,10.842253418
0.340092773437,0.866997070313,10.4087548828
0.198786621094,-0.361647949219,10.8590185547
0.608334960938,-2.12917236328,6.80904052734
-3.54941894531,-0.934057617188,10.6219116211
2.36867431641,-0.490979003906,9.59444824219
3.08239013672,0.332907714844,8.25323730469
0.76640625,-4.91458007813,12.3104003906
-1.99026123047,-1.79865966797,9.56331298828
-1.00111816406,-1.22864501953,9.62797851563
-1.66453857422,0.150886230469,8.10235107422
1.00111816406,-0.265847167969,9.78125976563
-0.934057617188,1.82739990234,10.1141674805
1.99026123047,0.189206542969,11.1009155273
1.21906494141,-1.47293701172,9.25675048828
-0.390388183594,-0.567619628906,12.3295605469
-1.08973388672,0.376018066406,10.4207299805
1.17116455078,-0.00718505859375,10.0279467773
2.48124023437,-0.797541503906,11.7739160156
-1.14242431641,-3.35063232422,7.94906982422
0.857416992188,-1.5711328125,10.2243383789
0.0790356445313,-0.196391601563,11.1655810547
0.560434570312,-1.16876953125,11.1033105469
1.06099365234,-3.26680664063,12.6720483398
-2.77822265625,0.596359863281,9.88185058594
0.969982910156,-1.69567382813,10.5117407227
0.0910107421875,-3.50630859375,8.79451171875
0.677790527344,0.179626464844,12.1164038086
-1.73878417969,-2.99616943359,9.72856933594
-1.04183349609,-2.49561035156,10.8590185547
0.5748046875,-4.47868652344,9.85790039062
1.02267333984,0.136516113281,8.19336181641
-1.28852050781,1.04662353516,11.0099047852
1.46096191406,-3.53983886719,9.44835205078
-0.55564453125,-3.68833007813,11.1416308594
1.64058837891,-2.14114746094,10.1165625
2.72553222656,-4.17212402344,10.4327050781
-0.7280859375,-0.445473632813,9.85790039062
0.684975585938,0.05748046875,10.1500927734
1.0346484375,-1.56634277344,10.5428759766
-2.65607666016,-2.70637207031,9.273515625
-2.71595214844,-1.80344970703,9.06754394531
0.558039550781,-1.73159912109,9.06035888672
1.58789794922,-1.56873779297,10.4734204102
-2.6441015625,-1.59268798828,9.55133789062
-2.21299804688,-3.13268554688,8.24605224609
-0.866997070313,-3.57097412109,7.54670654297
1.11368408203,-0.352067871094,10.5261108398
-3.48235839844,-1.79865966797,10.0303417969
1.99265625,1.8776953125,9.92735595703
-3.31710205078,-0.0215551757813,9.24477539062
1.35318603516,0.141306152344,7.50599121094
-0.986748046875,2.05732177734,10.4542602539
1.23343505859,1.74357421875,7.22098388672
-1.59747802734,1.93038574219,11.8002612305
2.09803710938,-0.189206542969,8.20773193359
-2.13396240234,-3.00574951172,9.48427734375
-0.105380859375,-2.71595214844,11.761940918
0.531694335938,0.100590820313,10.4207299805
2.30640380859,0.138911132813,10.1836230469
1.32205078125,-3.20693115234,12.0014428711
-0.522114257812,-3.40332275391,8.82804199219
1.36516113281,-2.51956054688,7.65927246094
-0.934057617188,-0.797541503906,8.72984619141
-2.70637207031,-1.38911132813,10.0566870117
1.89446044922,-1.52802246094,10.9308691406
-0.936452636719,-2.3375390625,8.84480712891
-2.28724365234,-2.89318359375,10.9763745117
-2.67763183594,-1.25738525391,7.75746826172
0.835861816406,-0.282612304688,7.29043945313
0.311352539062,1.14721435547,9.79323486328
-2.93150390625,1.48730712891,8.25323730469
-3.3721875,-1.66214355469,9.48188232422
-2.32556396484,-1.91122558594,9.78125976563
0.0335302734375,0.141306152344,11.6733251953
1.67651367188,-1.84895507813,8.26521240234
-3.19016601563,-3.38895263672,10.1979931641
-0.70892578125,-1.81542480469,7.81494873047
-0.929267578125,-0.505349121094,11.0482250977
-1.302890625,-3.01532958984,9.17531982422
-0.225131835938,-2.48603027344,10.5955664063
-1.57352783203,0.431103515625,8.72266113281
1.84895507813,-3.20214111328,10.6267016602
1.17834960938,-3.17579589844,10.4830004883
-0.3065625,-0.893342285156,10.8446484375
-0.385598144531,0.167651367188,11.5152539063
1.29331054688,2.26808349609,11.2062963867
2.73032226563,-1.6477734375,10.918894043
-0.8047265625,1.38192626953,8.61249023438
-1.40108642578,-4.215234375,9.46272216797
1.05859863281,-2.75427246094,10.0830322266
1.71483398438,-4.828359375,7.58502685547
-0.871787109375,-1.50167724609,7.96583496094
-1.76512939453,3.13508056641,8.21252197266
-1.839375,1.66214355469,10.6985522461
3.1039453125,-0.416733398438,10.8015380859
-0.311352539062,-0.713715820313,9.17771484375
-0.395178222656,-2.78540771484,8.63883544922
0.620310058594,-0.531694335938,7.19703369141
1.20229980469,-0.874182128906,9.06993896484
0.495769042969,-1.14242431641,8.21731201172
-1.43222167969,-0.807121582031,13.1486572266
-1.91362060547,-1.01548828125,9.05556884766
-0.843046875,-2.18665283203,9.53696777344
2.98419433594,-0.615520019531,13.4552197266
-2.20102294922,-0.864602050781,7.65208740234
-0.680185546875,-3.25483154297,9.75491455078
-0.649050292969,0.409548339844,7.92032958984
-1.1112890625,1.09691894531,8.69152587891
-1.29091552734,-3.51588867187,10.8446484375
1.16397949219,1.88009033203,10.9308691406
-3.28836181641,-0.579594726562,10.6698120117
-2.94587402344,0.560434570312,9.48188232422
0.965192871094,-0.076640625,10.8398583984
0.217946777344,0.570014648438,7.15871337891
-2.41657470703,-1.66932861328,9.41482177734
-2.34951416016,-0.562829589844,8.98371826172
-3.05843994141,2.19144287109,11.455378418
0.373623046875,-1.43222167969,10.9548193359
-0.416733398438,0.656235351563,11.112890625
-1.1879296875,-1.28373046875,8.76337646484
-4.65352294922,-2.50758544922,8.04247558594
0.706530761719,0.5748046875,8.72505615234
-2.96024414062,0.44068359375,8.90707763672
-1.31486572266,1.71483398438,9.7716796875
-1.40827148438,1.68609375,9.57289306641
-0.610729980469,-3.57336914063,6.81622558594
0.253872070313,-4.22481445313,8.81127685547
0.174836425781,0.227526855469,10.3129541016
2.24173828125,-1.18074462891,9.38129150391
-0.373623046875,1.95673095703,9.46990722656
1.03225341797,1.93996582031,11.0817553711
2.72553222656,-3.12310546875,11.8697167969
-6.01389404297,-0.965192871094,12.3367456055
-1.99265625,-2.19383789063,10.5069506836
1.65735351563,-2.30879882813,10.2171533203
0.241896972656,0.102985839844,7.93469970703
-0.330512695312,1.21666992188,10.2411035156
0.699345703125,-3.77934082031,10.3680395508
-1.90164550781,-0.122145996094,10.1548828125
0.874182128906,-2.09324707031,9.90101074219
-0.634680175781,-0.601149902344,9.94651611328
1.39629638672,0.205971679688,9.12741943359
0.613125,-1.61184814453,11.2685668945
-1.48251708984,0.519719238281,11.1871362305
1.71722900391,-1.87051025391,8.21491699219
0.198786621094,-0.668210449219,10.7823779297
-1.19032470703,-1.72680908203,10.229128418
2.54590576172,0.32572265625,11.4841186523
-0.368833007813,-2.45729003906,9.426796875
1.07536376953,-0.76640625,10.2650537109
-0.720900878906,1.17116455078,9.17531982422
0.967587890625,-3.31470703125,8.98611328125
1.97349609375,-5.57800048828,9.92975097656
-0.225131835938,2.07408691406,9.48427734375
1.48491210938,-3.73383544922,9.47469726563
4.64394287109,2.78061767578,10.3273242188
-2.19144287109,-1.89925048828,11.4242431641
-0.993933105469,-1.86572021484,12.5834326172
1.25738525391,0.076640625,9.57289306641
-1.51844238281,0.510139160156,10.4542602539
-0.9196875,-2.77822265625,11.1799511719
0.572409667969,0.581989746094,11.7978662109
1.19271972656,0.337697753906,10.5285058594
0.131726074219,0.783171386719,8.43046875
1.36037109375,-0.950822753906,10.0902172852
-1.53041748047,-1.35079101563,11.4745385742
4.27271484375,-0.570014648438,9.98723144531
1.00351318359,1.19032470703,9.26872558594
-1.27654541016,-2.78780273438,10.2530786133
-2.19383789063,-1.2645703125,10.6482568359
0.673000488281,0.986748046875,11.18953125
1.64058837891,-4.22002441406,10.4853955078
1.35797607422,0.340092773437,9.25196044922
-0.0215551757813,1.38192626953,8.89749755859
1.25738525391,-2.79977783203,8.56219482422
2.35430419922,-0.866997070313,10.5740112305
0.490979003906,0.474213867188,9.50104248047
-1.80584472656,-0.251477050781,8.46639404297
1.31247070313,-2.72792724609,8.15504150391
1.68609375,-1.72201904297,7.72154296875
1.80344970703,-1.58550292969,10.8039331055
-0.335302734375,-3.98770751953,10.3632495117
-0.0239501953125,-1.22145996094,10.9045239258
0.0119750976563,-0.136516113281,8.84959716797
-0.285007324219,-1.62382324219,9.73814941406
-0.253872070313,-2.57464599609,10.7751928711
0.270637207031,-2.02618652344,10.8446484375
-1.69806884766,-1.66453857422,11.1631860352
-1.33402587891,2.40699462891,9.2351953125
-3.33626220703,-3.07520507813,11.5799194336
-2.59620117188,-0.4981640625,11.2015063477
0.625100097656,-1.17834960938,8.11911621094
-0.759221191406,-2.98179931641,8.3155078125
0.126936035156,-1.60466308594,10.5165307617
1.43701171875,0.414338378906,8.89749755859
-3.48954345703,-0.950822753906,10.459050293
0.0622705078125,-4.04039794922,6.82580566406
-2.12438232422,2.27287353516,10.9931396484
-1.53999755859,-0.445473632813,10.8781787109
-2.34472412109,1.34360595703,9.63276855469
-2.54590576172,1.08973388672,8.28437255859
-1.04662353516,0.359252929688,10.3273242188
1.35079101563,-3.08239013672,7.83889892578
-2.01421142578,-2.40938964844,9.92735595703
-2.17228271484,0.90052734375,12.0397631836
-1.72680908203,-3.56618408203,9.51062255859
-0.380808105469,-0.1916015625,12.2313647461
-2.02379150391,1.53999755859,10.3153491211
-1.22864501953,-0.323327636719,7.89637939453
-1.35797607422,-3.85119140625,11.8050512695
1.69567382813,-1.91122558594,11.6781152344
1.86811523438,0.3448828125,10.6075415039
1.49688720703,-2.33514404297,9.19927001953
0.335302734375,0.86220703125,10.2458935547
0.462238769531,-2.01181640625,9.21603515625
-0.840651855469,-1.31965576172,7.80057861328
-0.759221191406,-0.943637695313,10.1237475586
-1.94475585938,-1.71243896484,8.76816650391
-1.08494384766,-0.0263452148438,9.733359375
-3.00814453125,0.634680175781,11.4529833984
-0.112565917969,0.203576660156,9.3884765625
-1.13763427734,-3.69551513672,11.1464208984
2.28005859375,-1.4944921875,9.74054443359
0.244291992188,-1.11847412109,9.86748046875
-1.82260986328,-1.38911132813,8.44723388672
0.47900390625,-0.0622705078125,9.52499267578
-3.07999511719,-1.89685546875,9.6950390625
-1.07296875,-3.26201660156,10.3273242188
-2.24413330078,-0.969982910156,10.6626269531
0.505349121094,0.570014648438,8.12869628906
0.100590820313,-1.84177001953,10.1668579102
1.35318603516,0.275427246094,7.41737548828
-1.27415039063,-1.28852050781,14.0994799805
-1.69088378906,-3.13987060547,8.94060791016
-1.73878417969,2.92431884766,8.03289550781
1.72920410156,-1.10649902344,9.34057617188
-3.51588867187,-1.59987304687,10.959609375
0.318537597656,-1.02027832031,9.60642333984
-1.08494384766,-2.07648193359,10.1596728516
0.433498535156,1.609453125,8.38256835938
-1.92559570313,-1.67172363281,9.120234375
-1.03943847656,-2.82372802734,8.70589599609
2.07887695312,-2.45010498047,7.99697021484
1.59508300781,-0.495769042969,12.3223754883
-2.05971679688,-3.82963623047,9.95370117188
-2.43333984375,-3.07281005859,7.49880615234
0.524509277344,-0.531694335938,10.535690918
1.79147460938,-2.01421142578,11.4242431641
-0.347277832031,-1.23104003906,10.4111499023
0.251477050781,-1.25738525391,10.3273242188
-0.177231445313,-0.661025390625,11.4793286133
-0.239501953125,-0.615520019531,9.65432373047
-1.19271972656,-0.543669433594,10.9931396484
-0.833466796875,-1.88009033203,10.1716479492
3.01053955078,-2.92910888672,10.4686303711
-1.59747802734,-2.21539306641,8.34903808594
0.445473632813,1.27654541016,10.1453027344
0.598754882812,0.699345703125,9.05796386719
0.253872070313,1.55915771484,12.2169946289
0.028740234375,-3.04167480469,8.86396728516
1.11607910156,0.047900390625,10.4255200195
-1.61424316406,-4.75171875,9.35734130859
-1.16158447266,-1.17595458984,10.2937939453
0.759221191406,-2.50279541016,11.2206665039
-0.416733398438,-1.21427490234,10.2411035156
-1.61424316406,-0.0335302734375,11.2230615234
0.0263452148438,-0.433498535156,10.535690918
-1.61663818359,-0.759221191406,9.79083984375
-0.392783203125,-1.92559570313,10.0231567383
-3.38895263672,-1.35797607422,10.9500292969
1.69088378906,1.28612548828,8.37777832031
3.65958984375,-1.69567382813,11.225456543
0.112565917969,-3.04885986328,9.33578613281
2.34232910156,-1.62621826172,8.29155761719
4.22960449219,-0.196391601563,9.46751220703
2.67763183594,-2.75666748047,12.4996069336
-1.609453125,-3.23327636719,10.3273242188
-0.9196875,-2.20820800781,11.148815918
0.330512695312,-1.01788330078,10.3680395508
-0.989143066406,-3.59013427734,8.74421630859
-1.456171875,-2.66805175781,7.6640625
1.6477734375,-2.74948242188,7.40061035156
0.675395507813,-1.99505126953,9.65192871094
1.84416503906,-1.37713623047,12.8636499023
-1.82979492188,-1.92559570313,8.48076416016
-2.16030761719,-2.7590625,9.13699951172
-4.08350830078,-1.09452392578,8.16941162109
-1.22864501953,-1.59268798828,8.86875732422
0.673000488281,-1.97349609375,10.1692529297
1.23822509766,-0.596359863281,7.67124755859
1.25259521484,-0.663420410156,9.40524169922
-3.91346191406,-1.59987304687,9.37171142578
0.0215551757813,-0.744851074219,9.98962646484
1.39869140625,-0.644260253906,11.6661401367
1.21427490234,-0.502954101562,11.8769018555
-2.84288818359,0.00239501953125,8.14067138672
0.244291992188,-1.96870605469,8.49752929688
-0.323327636719,-2.25610839844,11.4266381836
-1.08973388672,-4.24876464844,9.82437011719
1.32923583984,-0.986748046875,9.78125976563
-1.26936035156,-1.91841064453,10.0542919922
2.45968505859,-1.40587646484,9.90580078125
1.23104003906,0.529299316406,11.0937304688
-3.23806640625,-4.73974365234,8.89989257812
0.143701171875,-1.20229980469,10.1500927734
-0.656235351563,-1.48251708984,9.27830566406
-1.73638916016,-1.92320068359,9.48427734375
0.4215234375,-1.77231445313,10.2195483398
0.914897460938,0.222736816406,9.60642333984
1.7244140625,-1.57352783203,10.5165307617
-0.220341796875,-0.931662597656,12.3415356445
0.0,0.45984375,10.1021923828
1.01548828125,-3.46559326172,10.3776196289
0.0910107421875,-0.215551757813,10.6434667969
-1.08015380859,-3.31470703125,10.2027832031
-0.0718505859375,-4.74213867187,10.305769043
-1.17116455078,-1.45138183594,9.5417578125
1.42024658203,-2.88360351562,9.05796386719
-0.416733398438,-1.33402587891,8.68194580078
-0.778381347656,-0.131726074219,10.9404492188
-3.07520507813,-1.18553466797,8.89749755859
-1.14242431641,-2.35669921875,9.86029541016
-0.4981640625,-0.943637695313,6.77072021484
1.12326416016,-2.71116210938,10.8925488281
0.261057128906,-3.48475341797,7.26409423828
-1.39150634766,-1.55915771484,8.72026611328
-0.100590820313,-2.95545410156,9.97765136719
2.00463134766,0.189206542969,9.75491455078
-1.84656005859,-2.37825439453,6.54558837891
-0.701740722656,-0.285007324219,8.33227294922
1.42024658203,-1.68369873047,10.1285375977
-1.31247070313,-3.142265625,9.76209960938
-1.21427490234,-3.57576416016,10.4518652344
0.929267578125,-6.21028564453,10.1357226563
-0.349672851562,-1.37234619141,10.2387084961
-0.514929199219,-2.48363525391,8.96216308594
1.60466308594,1.30768066406,11.2757519531
-1.03704345703,-1.56873779297,11.3571826172
-2.38304443359,-4.05716308594,7.89877441406
1.10649902344,-0.864602050781,9.35015625
-3.42966796875,-0.467028808594,9.37650146484
-0.148491210938,0.917292480469,8.48076416016
-2.99137939453,-2.66326171875,7.76704833984
-0.196391601563,-0.203576660156,10.0087866211
-0.577199707031,-2.91473876953,9.96567626953
-0.464633789063,-1.42024658203,10.0375268555
-0.531694335938,-1.90883056641,10.0207617188
2.82372802734,-3.3721875,7.46048583984
0.09580078125,-3.5637890625,11.3116772461
0.227526855469,-1.85614013672,9.10107421875
1.83458496094,0.8813671875,8.85917724609
1.96870605469,-2.48363525391,9.64713867188
0.775986328125,-1.02985839844,8.27479248047
-1.89446044922,-1.62621826172,11.1727661133
0.150886230469,-0.74724609375,9.54894287109
-0.330512695312,0.0359252929688,6.76593017578
-1.84416503906,0.359252929688,8.41370361328
-0.51732421875,0.404758300781,10.3967797852
-1.47772705078,-0.754431152344,10.6698120117
0.01916015625,2.36867431641,7.65448242188
0.186811523438,0.74724609375,10.5955664063
0.320932617187,0.193996582031,8.11432617187
0.996328125,-2.73271728516,7.41019042969
-2.27766357422,2.24173828125,9.22801025391
0.8813671875,-4.67268310547,9.35734130859
1.62861328125,-0.198786621094,9.71180419922
-2.51716552734,-0.723295898438,11.3092822266
0.0119750976563,-3.60450439453,11.1607910156
-0.661025390625,2.34472412109,10.3680395508
0.251477050781,0.112565917969,7.83171386719
-3.13268554688,1.06817871094,10.1644628906
-2.73032226563,3.12789550781,9.52499267578
-1.19511474609,-2.32077392578,11.4218481445
-2.835703125,-4.10985351562,8.81846191406
0.967587890625,-1.42743164063,11.3092822266
1.49928222656,-1.79626464844,8.81846191406
0.158071289063,-0.531694335938,10.6051464844
-1.00830322266,-2.82133300781,7.88679931641
-0.898132324219,-1.20229980469,10.6267016602
1.12086914062,-3.16382080078,10.305769043
-3.73383544922,1.17116455078,9.13460449219
-2.02858154297,0.613125,9.32860107422
-1.37953125,-3.295546875,6.04502929688
-0.749641113281,-1.35318603516,9.87466552734
-1.36995117188,-3.91585693359,9.84353027344
1.17834960938,-1.19511474609,11.0649902344
-2.29442871094,-1.31247070313,9.38368652344
0.1149609375,-5.95162353516,10.7272924805
-3.75299560547,-1.5711328125,11.2997021484
0.706530761719,0.486188964844,7.17068847656
0.246687011719,-2.29442871094,8.16701660156
1.84656005859,2.00223632812,7.81494873047
0.514929199219,1.25978027344,10.6698120117
-0.538879394531,-0.601149902344,9.79083984375
1.76512939453,-1.33642089844,10.9500292969
0.589174804688,-1.42024658203,10.6554418945
-2.84767822266,-1.35079101563,11.9295922852
0.270637207031,1.56873779297,11.3308374023
-3.01053955078,-0.67060546875,8.96455810547
-1.88488037109,-0.438288574219,10.0662670898
1.32923583984,-6.43062744141,8.58854003906
1.06338867188,-5.02954101562,10.0926123047
1.07536376953,-1.21427490234,11.9798876953
0.799936523437,-2.90515869141,9.92975097656
1.74117919922,-2.98179931641,10.4303100586
-0.165256347656,-1.16637451172,9.32381103516
-0.924477539063,-2.36627929688,10.2626586914
-1.73399414063,-2.42136474609,11.4242431641
1.61424316406,0.337697753906,11.8625317383
-0.407153320313,1.56394775391,8.35143310547
0.871787109375,-3.24285644531,10.3129541016
-0.855021972656,-1.00111816406,9.93454101563
-0.675395507813,-1.86332519531,11.5056738281
-0.627495117188,-1.19750976562,8.87115234375
1.58550292969,-0.0215551757813,10.5692211914
0.285007324219,-0.541274414062,8.97892822266
-0.378413085938,-2.01181640625,8.11911621094
-3.90627685547,-1.61184814453,10.1429077148
0.447868652344,-0.716110839844,9.56810302734
0.78556640625,-2.80935791016,12.6624682617
-0.637075195313,-1.04901855469,8.95258300781
-1.42024658203,-4.59125244141,11.2182714844
-1.31247070313,-0.196391601563,8.91426269531
0.531694335938,-2.22736816406,9.47709228516
-1.19511474609,1.37474121094,10.0303417969
-2.09803710938,-2.42854980469,11.1057055664
4.27271484375,-1.90164550781,10.1021923828
-1.65974853516,-0.907712402344,9.60642333984
-1.47772705078,-2.37106933594,9.93454101563
-3.88711669922,-2.93389892578,8.62925537109
-2.07169189453,-0.0143701171875,10.5524560547
0.768801269531,1.94236083984,10.2602636719
0.754431152344,0.0910107421875,10.9093139648
-0.653840332031,-1.25738525391,7.98739013672
-1.28133544922,-1.17595458984,9.95849121094
-1.14481933594,-1.90643554688,9.73575439453
-0.658630371094,-2.47884521484,7.99457519531
1.92799072266,1.67411865234,11.3643676758
-3.93980712891,-1.47054199219,10.26984375
1.35079101563,0.512534179688,9.37171142578
-3.76497070313,0.0,11.2158764648
0.488583984375,-2.90994873047,9.21603515625
-0.486188964844,-4.45473632813,11.3811328125
-0.510139160156,-2.61536132813,10.4111499023
0.687370605469,-1.86093017578,10.6769970703
0.874182128906,-2.11959228516,8.99808837891
-2.94587402344,-1.00830322266,8.97413818359
0.850231933594,-1.37953125,10.4063598633
0.170046386719,-3.142265625,9.78604980469
-0.732875976563,0.598754882812,9.96088623047
1.01309326172,-1.65974853516,10.4758154297
1.51365234375,-0.244291992188,11.4769335938
-2.17228271484,-0.5748046875,8.24365722656
1.13284423828,-2.80217285156,8.58614501953
0.78556640625,-3.40811279297,10.918894043
-0.304167480469,-0.490979003906,11.8625317383
-0.553249511719,-0.644260253906,10.4327050781
-1.79147460938,-2.32795898437,8.25563232422
-1.42264160156,-1.24062011719,10.7943530273
-3.93022705078,-0.852626953125,10.1596728516
-0.543669433594,-0.960402832031,9.18489990234
1.00830322266,-4.40444091797,8.51429443359
0.222736816406,-0.289797363281,9.18010986328
-0.17244140625,-2.7590625,9.29746582031
1.08254882812,1.71004394531,10.57640625
0.234711914062,-0.581989746094,9.06275390625
-1.78189453125,-0.950822753906,9.97286132813
-2.79259277344,0.203576660156,10.3752246094
1.23822509766,-1.65016845703,10.0375268555
1.92559570313,1.33881591797,9.90580078125
0.656235351563,-2.77822265625,10.2890039063
0.251477050781,-1.23822509766,7.75746826172
-1.76991943359,0.371228027344,10.2794238281
-1.15918945312,1.13044921875,7.45569580078
-0.490979003906,-1.41545654297,11.1847412109
-0.931662597656,-1.42264160156,9.45074707031
-2.58422607422,0.8813671875,10.2434985352
0.0359252929688,-1.95912597656,9.50104248047
-0.579594726562,-0.831071777344,7.76465332031
0.704135742188,-1.97828613281,7.59700195313
-1.49209716797,-5.5564453125,9.13460449219
0.270637207031,-3.14945068359,8.98371826172
-2.74229736328,-0.627495117188,9.99202148437
0.179626464844,-1.13284423828,7.96343994141
1.75075927734,-2.89318359375,10.7727978516
2.26808349609,-4.83075439453,11.1871362305
-2.61775634766,-1.53999755859,8.92384277344
-0.74724609375,2.04534667969,9.20406005859
2.28245361328,-3.13508056641,11.9870727539
-1.78428955078,-3.83682128906,7.58263183594
-2.36388427734,-3.30512695313,11.0745703125
-5.48219970703,0.526904296875,9.24956542969
-0.428708496094,0.742456054688,10.1548828125
-1.23104003906,-1.40827148438,7.27367431641
0.740061035156,-3.4871484375,7.52754638672
-0.682580566406,-1.39629638672,12.2193896484
-1.12326416016,1.38432128906,8.47836914063
0.0742456054688,-1.01069824219,10.3273242188
-1.58071289063,-1.9543359375,11.5152539063
-0.998723144531,-1.72201904297,11.1224707031
-0.857416992188,1.25978027344,11.5535742188
0.028740234375,-1.53520751953,10.6961572266
0.110170898438,-1.84416503906,12.2625
-0.313747558594,-0.4215234375,9.20406005859
1.40587646484,1.48251708984,7.86524414063
1.58550292969,0.471818847656,10.6482568359
-1.00111816406,2.50519042969,9.11783935547
-1.17116455078,-1.23822509766,9.41242675781
0.730480957031,-1.26217529297,9.95370117188
1.07057373047,-1.61663818359,11.7499658203
-0.665815429688,-2.11240722656,8.99329833984
-0.392783203125,-0.866997070313,11.5511791992
-3.49433349609,-1.11607910156,10.3249291992
-1.90643554688,-0.692160644531,7.06051757813
-1.57592285156,-0.617915039063,10.2818188477
-1.26936035156,-1.06338867188,11.6829052734
-2.79977783203,-2.40220458984,8.97174316406
-2.17467773437,-0.771196289063,11.0865454102
0.814306640625,-1.85853515625,9.8483203125
-1.36755615234,-2.86444335938,9.52259765625
-0.658630371094,-2.43573486328,8.60770019531
-0.00239501953125,-0.663420410156,10.1429077148
-0.989143066406,-3.87514160156,9.50583251953
-0.682580566406,-0.505349121094,10.233918457
1.25499023438,-3.24285644531,9.70222412109
0.318537597656,-1.19032470703,7.33833984375
-0.617915039063,1.39150634766,10.9667944336
-0.455053710938,-2.66326171875,7.19463867188
-1.16876953125,-3.49672851563,9.63037353516
-0.495769042969,-0.0167651367188,10.5500610352
0.285007324219,-0.490979003906,10.4159399414
0.0119750976563,-1.73399414063,9.30465087891
0.931662597656,-4.38528076172,10.3153491211
-0.354462890625,-0.78556640625,8.65560058594
-2.51477050781,-2.8740234375,8.90707763672
-1.60226806641,0.296982421875,7.56107666016
0.220341796875,-0.00718505859375,9.17292480469
0.948427734375,-0.76640625,9.43637695313
-0.76640625,-0.950822753906,10.535690918
-1.53520751953,-1.25978027344,11.1104956055
1.55436767578,-3.51349365234,10.3584594727
0.234711914062,-1.38671630859,8.71308105469
0.0359252929688,-2.49800537109,10.5332958984
-0.74724609375,-4.95290039063,8.84720214844
-1.07057373047,-0.356857910156,10.8733886719
1.53999755859,-0.610729980469,8.95258300781
0.946032714844,0.534089355469,11.5511791992
-1.64298339844,-0.0335302734375,9.01245849609
1.149609375,-3.54462890625,11.3859228516
2.11959228516,-1.85853515625,10.6817871094
-0.270637207031,-1.39869140625,12.8420947266
-0.4215234375,-2.67763183594,9.7716796875
-1.52083740234,-2.46687011719,10.5045556641
2.11001220703,-1.92559570313,9.88903564453
1.47293701172,-0.481398925781,7.09883789063
2.00463134766,-3.77694580078,11.2134814453
-1.42743164063,2.3375390625,8.14785644531
0.467028808594,-2.82133300781,9.60881835938
-0.792751464844,-2.69439697266,10.0902172852
-2.86683837891,-3.86795654297,10.4063598633
-0.124541015625,-0.953217773438,8.88073242188
3.50870361328,-1.57592285156,7.21379882813
-2.74708740234,-0.495769042969,9.92017089844
-3.46559326172,0.225131835938,9.18010986328
0.184416503906,0.735270996094,12.0852685547
-0.78556640625,-1.78668457031,8.44244384766
